0.25 131.97016
0.255 129.77417
0.26 127.69738
0.265 125.78238
0.27 123.86738
0.275 121.95238
0.28 120.24441
0.285 118.55971
0.29 116.87501
0.295 115.26174
0.3 113.76815
0.305 112.27456
0.31 110.78098
0.315 109.42344
0.32 108.09019
0.325 106.75694
0.33 105.4676
0.335 104.27018
0.34 103.07277
0.345 101.87536
0.35 100.77058
0.355 99.689246
0.36 98.607916
0.365 97.553853
0.37 96.572505
0.375 95.591157
0.38 94.60981
0.385 93.693289
0.39 92.79867
0.395 91.90405
0.4 91.026257
0.405 90.207355
0.41 89.388454
0.415 88.569552
0.42 87.796995
0.425 87.044589
0.43 86.292183
0.435 85.549858
0.44 84.856164
0.445 84.162469
0.45 83.468775
0.455 82.80876
0.46 82.167164
0.465 81.525568
0.47 80.889601
0.475 80.294446
0.48 79.699291
0.485 79.104136
0.49 78.533758
0.495 77.980178
0.5 77.426598
0.505 76.87566
0.51 76.359446
0.515 75.843232
0.52 75.327018
0.525 74.829189
0.53 74.34668
0.535 73.864172
0.54 73.382281
0.545 72.930282
0.55 72.478283
0.555 72.026284
0.56 71.587997
0.565 71.163702
0.57 70.739407
0.575 70.315112
0.58 69.915286
0.585 69.516224
0.59 69.117162
0.595 68.728343
0.6 68.352328
0.605 67.976313
0.61 67.600298
0.615 67.243684
0.62 66.888775
0.625 66.533867
0.63 66.186592
0.635 65.851061
0.64 65.51553
0.645 65.18
0.65 64.85996
0.655 64.542262
0.66 64.224564
0.665 63.912516
0.67 63.611266
0.675 63.310016
0.68 63.008766
0.685 62.719956
0.69 62.433909
0.695 62.147862
0.7 61.86594
0.705 61.593974
0.71 61.322007
0.715 61.050041
0.72 60.788105
0.725 60.529205
0.73 60.270304
0.735 60.014348
0.74 59.767594
0.745 59.52084
0.75 59.274085
0.755 59.035443
0.76 58.8
0.765 58.564557
0.77 58.331139
0.775 58.106246
0.78 57.881354
0.785 57.656462
0.79 57.438141
0.795 57.223106
0.8 57.008071
0.805 56.79434
0.81 56.588527
0.815 56.382715
0.82 56.176903
0.825 55.976416
0.83 55.779246
0.835 55.582075
0.84 55.385642
0.845 55.196581
0.85 55.00752
0.855 54.818459
0.86 54.633707
0.865 54.452265
0.87 54.270822
0.875 54.089669
0.88 53.915394
0.885 53.741119
0.89 53.566844
0.895 53.396047
0.9 53.228522
0.905 53.060998
0.91 52.893474
0.915 52.732251
0.92 52.571093
0.925 52.409935
0.93 52.251569
0.935 52.096421
0.94 51.941273
0.945 51.786125
0.95 51.636312
0.955 51.486844
0.96 51.337376
0.965 51.190133
0.97 51.046038
0.975 50.901944
0.98 50.757849
0.985 50.618278
0.99 50.479272
0.995 50.340266
1 50.203015
1.005 50.068833
1.01 49.934651
1.015 49.80047
1.02 49.670126
1.025 49.540521
1.03 49.410917
1.035 49.282673
1.04 49.157416
1.045 49.032158
1.05 48.906901
1.055 48.784899
1.06 48.663773
1.065 48.542647
1.07 48.422554
1.075 48.305359
1.08 48.188164
1.085 48.070969
1.09 47.956533
1.095 47.843081
1.1 47.729628
1.105 47.616932
1.11 47.507046
1.115 47.397159
1.12 47.287273
1.125 47.179722
1.13 47.073236
1.135 46.966749
1.14 46.860788
1.145 46.757547
1.15 46.654306
1.155 46.551065
1.16 46.449796
1.165 46.349653
1.17 46.249511
1.175 46.149698
1.18 46.052517
1.185 45.955337
1.19 45.858156
1.195 45.762635
1.2 45.668286
1.205 45.573937
1.21 45.479753
1.215 45.388114
1.22 45.296475
1.225 45.204837
1.23 45.114587
1.235 45.025543
1.24 44.936499
1.245 44.847481
1.25 44.760923
1.255 44.674365
1.26 44.587808
1.265 44.502406
1.27 44.418232
1.275 44.334058
1.28 44.249883
1.285 44.167903
1.29 44.086016
1.295 44.004128
1.3 43.923193
1.305 43.8435
1.31 43.763807
1.315 43.684114
1.32 43.606336
1.325 43.528751
1.33 43.451165
1.335 43.374356
1.34 43.298795
1.345 43.223234
1.35 43.147674
1.355 43.073784
1.36 43.00017
1.365 42.926556
1.37 42.853566
1.375 42.781824
1.38 42.710082
1.385 42.638341
1.39 42.568055
1.395 42.498115
1.4 42.428175
1.405 42.358726
1.41 42.290521
1.415 42.222316
1.42 42.154111
1.425 42.087172
1.43 42.020638
1.435 41.954104
1.44 41.887944
1.445 41.82302
1.45 41.758096
1.455 41.693173
1.46 41.629347
1.465 41.565976
1.47 41.502605
1.475 41.439507
1.48 41.377633
1.485 41.31576
1.49 41.253886
1.495 41.192962
1.5 41.132534
1.505 41.072105
1.51 41.01186
1.515 40.952827
1.52 40.893794
1.525 40.834761
1.53 40.776544
1.535 40.718858
1.54 40.661173
1.545 40.603592
1.55 40.547208
1.555 40.490824
1.56 40.43444
1.565 40.378754
1.57 40.323628
1.575 40.268503
1.58 40.213413
1.585 40.159504
1.59 40.105594
1.595 40.051685
1.6 39.99837
1.605 39.945637
1.61 39.892904
1.615 39.840171
1.62 39.788554
1.625 39.73696
1.63 39.685366
1.635 39.634272
1.64 39.58378
1.645 39.533288
1.65 39.482796
1.655 39.433295
1.66 39.38387
1.665 39.334445
1.67 39.285438
1.675 39.237047
1.68 39.188655
1.685 39.140264
1.69 39.092753
1.695 39.045363
1.7 38.997973
1.705 38.950927
1.71 38.904508
1.715 38.858089
1.72 38.81167
1.725 38.766031
1.73 38.720553
1.735 38.675075
1.74 38.629874
1.745 38.585309
1.75 38.540745
1.755 38.49618
1.76 38.452304
1.765 38.408625
1.77 38.364946
1.775 38.321484
1.78 38.278664
1.785 38.235845
1.79 38.193026
1.795 38.150813
1.8 38.108828
1.805 38.066843
1.81 38.025021
1.815 37.983847
1.82 37.942672
1.825 37.901497
1.83 37.860855
1.835 37.820467
1.84 37.78008
1.845 37.739808
1.85 37.700185
1.855 37.660562
1.86 37.620939
1.865 37.581781
1.87 37.542901
1.875 37.504022
1.88 37.465215
1.885 37.427057
1.89 37.3889
1.895 37.350743
1.9 37.31299
1.905 37.275535
1.91 37.23808
1.915 37.20066
1.92 37.163888
1.925 37.127117
1.93 37.090345
1.935 37.053923
1.94 37.017816
1.945 36.981709
1.95 36.945602
1.955 36.909658
1.96 36.873713
1.965 36.837768
1.97 36.801823
1.975 36.765878
1.98 36.729934
1.985 36.693989
1.99 36.658044
1.995 36.622099
2 36.586154
2.005 36.55021
2.01 36.514265
2.015 36.47832
2.02 36.442375
2.025 36.40643
2.03 36.370486
2.035 36.334541
2.04 36.298596
2.045 36.262651
2.05 36.226707
2.055 36.190762
2.06 36.154817
2.065 36.118872
2.07 36.082927
2.075 36.046983
2.08 36.011038
2.085 35.975093
2.09 35.939148
2.095 35.903203
2.1 35.867259
2.105 35.831314
2.11 35.795369
2.115 35.759424
2.12 35.723479
2.125 35.687535
2.13 35.65159
2.135 35.615645
2.14 35.5797
2.145 35.543755
2.15 35.507811
2.155 35.471866
2.16 35.435921
2.165 35.399976
2.17 35.364031
2.175 35.328087
2.18 35.292142
2.185 35.256197
2.19 35.220252
2.195 35.184308
2.2 35.148363
2.205 35.112418
2.21 35.076473
2.215 35.040528
2.22 35.004584
2.225 34.968639
2.23 34.932694
2.235 34.896749
2.24 34.860804
2.245 34.82486
2.25 34.788915
2.255 34.75297
2.26 34.717025
2.265 34.68108
2.27 34.645136
2.275 34.609191
2.28 34.573246
2.285 34.537301
2.29 34.501356
2.295 34.465412
2.3 34.429467
2.305 34.393522
2.31 34.357577
2.315 34.321632
2.32 34.285688
2.325 34.249743
2.33 34.213798
2.335 34.177853
2.34 34.141908
2.345 34.105964
2.35 34.070019
2.355 34.034074
2.36 33.998129
2.365 33.962185
2.37 33.92624
2.375 33.890295
2.38 33.85435
2.385 33.818405
2.39 33.782461
2.395 33.746516
2.4 33.710571
2.405 33.674626
2.41 33.638681
2.415 33.602737
2.42 33.566792
2.425 33.530847
2.43 33.494902
2.435 33.458957
2.44 33.423013
2.445 33.387068
2.45 33.351123
2.455 33.315178
2.46 33.279233
2.465 33.243289
2.47 33.207344
2.475 33.171399
2.48 33.135454
2.485 33.099509
2.49 33.063565
2.495 33.02762
2.5 32.991675
2.505 32.941561
2.51 32.891447
2.515 32.841333
2.52 32.791219
2.525 32.741105
2.53 32.692187
2.535 32.643269
2.54 32.594351
2.545 32.545433
2.55 32.496515
2.555 32.448782
2.56 32.401048
2.565 32.353314
2.57 32.30558
2.575 32.257847
2.58 32.21129
2.585 32.164733
2.59 32.118176
2.595 32.071619
2.6 32.025062
2.605 31.979671
2.61 31.934279
2.615 31.888888
2.62 31.843496
2.625 31.798105
2.63 31.752924
2.635 31.707744
2.64 31.662564
2.645 31.617384
2.65 31.572203
2.655 31.529571
2.66 31.486938
2.665 31.444305
2.67 31.401672
2.675 31.35904
2.68 31.316434
2.685 31.273828
2.69 31.231222
2.695 31.188617
2.7 31.146011
2.705 31.105874
2.71 31.065737
2.715 31.0256
2.72 30.985463
2.725 30.945326
2.73 30.906029
2.735 30.866731
2.74 30.827434
2.745 30.788137
2.75 30.748839
2.755 30.710406
2.76 30.671973
2.765 30.63354
2.77 30.595107
2.775 30.556674
2.78 30.519199
2.785 30.481725
2.79 30.444251
2.795 30.406777
2.8 30.369303
2.805 30.33281
2.81 30.296317
2.815 30.259824
2.82 30.223332
2.825 30.186839
2.83 30.151336
2.835 30.115832
2.84 30.080329
2.845 30.044826
2.85 30.009323
2.855 29.974807
2.86 29.940291
2.865 29.905775
2.87 29.87126
2.875 29.836744
2.88 29.803205
2.885 29.769666
2.89 29.736127
2.895 29.702588
2.9 29.669049
2.905 29.636478
2.91 29.603906
2.915 29.571335
2.92 29.538764
2.925 29.506193
2.93 29.474574
2.935 29.442954
2.94 29.411335
2.945 29.379716
2.95 29.348097
2.955 29.317417
2.96 29.286736
2.965 29.256055
2.97 29.225375
2.975 29.194694
2.98 29.164936
2.985 29.135178
2.99 29.105421
2.995 29.075663
3 29.045905
3.005 29.017052
3.01 28.988198
3.015 28.959345
3.02 28.930492
3.025 28.901639
3.03 28.873674
3.035 28.845709
3.04 28.817745
3.045 28.78978
3.05 28.761816
3.055 28.734719
3.06 28.707622
3.065 28.680525
3.07 28.653428
3.075 28.626331
3.08 28.600085
3.085 28.573838
3.09 28.547592
3.095 28.521345
3.1 28.495098
3.105 28.469683
3.11 28.444267
3.115 28.418852
3.12 28.393436
3.125 28.368021
3.13 28.343417
3.135 28.318813
3.14 28.294209
3.145 28.269606
3.15 28.245002
3.155 28.22119
3.16 28.197378
3.165 28.173566
3.17 28.149754
3.175 28.125942
3.18 28.102903
3.185 28.079863
3.19 28.056823
3.195 28.033784
3.2 28.010744
3.205 27.988457
3.21 27.96617
3.215 27.943883
3.22 27.921596
3.225 27.899308
3.23 27.877754
3.235 27.8562
3.24 27.834647
3.245 27.813093
3.25 27.791539
3.255 27.770697
3.26 27.749856
3.265 27.729015
3.27 27.708173
3.275 27.687332
3.28 27.667184
3.285 27.647036
3.29 27.626888
3.295 27.60674
3.3 27.586593
3.305 27.567119
3.31 27.547645
3.315 27.528171
3.32 27.508697
3.325 27.489223
3.33 27.470404
3.335 27.451585
3.34 27.432766
3.345 27.413947
3.35 27.395128
3.355 27.376945
3.36 27.358762
3.365 27.340579
3.37 27.322396
3.375 27.304212
3.38 27.286646
3.385 27.26908
3.39 27.251514
3.395 27.233948
3.4 27.216381
3.405 27.198708
3.41 27.181035
3.415 27.163361
3.42 27.145688
3.425 27.128014
3.43 27.11156
3.435 27.095105
3.44 27.078651
3.445 27.062196
3.45 27.045741
3.455 27.029937
3.46 27.014132
3.465 26.998327
3.47 26.982523
3.475 26.966718
3.48 26.951463
3.485 26.936207
3.49 26.920952
3.495 26.905697
3.5 26.890441
3.505 26.875713
3.51 26.860984
3.515 26.846256
3.52 26.831527
3.525 26.816799
3.53 26.802575
3.535 26.788352
3.54 26.774128
3.545 26.759904
3.55 26.745681
3.555 26.731939
3.56 26.718198
3.565 26.704457
3.57 26.690716
3.575 26.676975
3.58 26.663693
3.585 26.650412
3.59 26.63713
3.595 26.623848
3.6 26.610566
3.605 26.59772
3.61 26.584873
3.615 26.572027
3.62 26.55918
3.625 26.546334
3.63 26.533901
3.635 26.521468
3.64 26.509035
3.645 26.496602
3.65 26.484169
3.655 26.472131
3.66 26.460093
3.665 26.448056
3.67 26.436018
3.675 26.42398
3.68 26.412325
3.685 26.400669
3.69 26.389014
3.695 26.377359
3.7 26.365704
3.705 26.354422
3.71 26.343141
3.715 26.33186
3.72 26.320579
3.725 26.309297
3.73 26.298383
3.735 26.287469
3.74 26.276556
3.745 26.265642
3.75 26.254728
3.755 26.244174
3.76 26.23362
3.765 26.223066
3.77 26.212512
3.775 26.201958
3.78 26.191754
3.785 26.18155
3.79 26.171346
3.795 26.161141
3.8 26.150937
3.805 26.14107
3.81 26.131202
3.815 26.121334
3.82 26.111467
3.825 26.101599
3.83 26.092053
3.835 26.082507
3.84 26.072961
3.845 26.063414
3.85 26.053868
3.855 26.044627
3.86 26.035386
3.865 26.026145
3.87 26.016904
3.875 26.007663
3.88 25.99871
3.885 25.989758
3.89 25.980805
3.895 25.971852
3.9 25.962899
3.905 25.954217
3.91 25.945534
3.915 25.936852
3.92 25.92817
3.925 25.919488
3.93 25.911058
3.935 25.902629
3.94 25.894199
3.945 25.88577
3.95 25.87734
3.955 25.869145
3.96 25.86095
3.965 25.852755
3.97 25.84456
3.975 25.836365
3.98 25.828386
3.985 25.820407
3.99 25.812428
3.995 25.804449
4 25.79647
4.005 25.788687
4.01 25.780904
4.015 25.773122
4.02 25.765339
4.025 25.757556
4.03 25.74995
4.035 25.742344
4.04 25.734737
4.045 25.727131
4.05 25.719524
4.055 25.712073
4.06 25.704622
4.065 25.69717
4.07 25.689719
4.075 25.682267
4.08 25.674948
4.085 25.667628
4.09 25.660309
4.095 25.652989
4.1 25.64567
4.105 25.638458
4.11 25.631245
4.115 25.624033
4.12 25.616821
4.125 25.609608
4.13 25.602476
4.135 25.595343
4.14 25.58821
4.145 25.581077
4.15 25.573945
4.155 25.56686
4.16 25.559776
4.165 25.552692
4.17 25.545607
4.175 25.538523
4.18 25.531452
4.185 25.52438
4.19 25.517308
4.195 25.510237
4.2 25.503165
4.205 25.496064
4.21 25.488962
4.215 25.481861
4.22 25.474759
4.225 25.467658
4.23 25.460474
4.235 25.45329
4.24 25.446107
4.245 25.438923
4.25 25.431739
4.255 25.424408
4.26 25.417077
4.265 25.409745
4.27 25.402414
4.275 25.395082
4.28 25.387517
4.285 25.379951
4.29 25.372386
4.295 25.36482
4.3 25.357255
4.305 25.349341
4.31 25.341426
4.315 25.333512
4.32 25.325597
4.325 25.317683
4.33 25.309264
4.335 25.300845
4.34 25.292426
4.345 25.284007
4.35 25.275588
4.355 25.26646
4.36 25.257332
4.365 25.248203
4.37 25.239075
4.375 25.229947
4.38 25.219865
4.385 25.209783
4.39 25.199701
4.395 25.189619
4.4 25.179537
4.405 25.168269
4.41 25.157001
4.415 25.145734
4.42 25.134466
4.425 25.123198
4.43 25.110626
4.435 25.098054
4.44 25.085482
4.445 25.072909
4.45 25.060337
4.455 25.046534
4.46 25.032731
4.465 25.018928
4.47 25.005124
4.475 24.991321
4.48 24.976521
4.485 24.961722
4.49 24.946922
4.495 24.932123
4.5 24.917323
4.505 24.901814
4.51 24.886305
4.515 24.870796
4.52 24.855287
4.525 24.839777
4.53 24.82381
4.535 24.807843
4.54 24.791876
4.545 24.775908
4.55 24.759941
4.555 24.743704
4.56 24.727467
4.565 24.71123
4.57 24.694993
4.575 24.678756
4.58 24.662381
4.585 24.646005
4.59 24.629629
4.595 24.613254
4.6 24.596878
4.605 24.580452
4.61 24.564027
4.615 24.547601
4.62 24.531176
4.625 24.51475
4.63 24.498335
4.635 24.48192
4.64 24.465505
4.645 24.449089
4.65 24.432674
4.655 24.41631
4.66 24.399946
4.665 24.383582
4.67 24.367218
4.675 24.350854
4.68 24.33457
4.685 24.318285
4.69 24.302001
4.695 24.285716
4.7 24.269432
4.705 24.253247
4.71 24.237062
4.715 24.220877
4.72 24.204692
4.725 24.188507
4.73 24.172436
4.735 24.156364
4.74 24.140293
4.745 24.124221
4.75 24.10815
4.755 24.092203
4.76 24.076255
4.765 24.060308
4.77 24.04436
4.775 24.028413
4.78 24.012597
4.785 23.996781
4.79 23.980964
4.795 23.965148
4.8 23.949332
4.805 23.933653
4.81 23.917974
4.815 23.902295
4.82 23.886616
4.825 23.870937
4.83 23.855399
4.835 23.839861
4.84 23.824324
4.845 23.808786
4.85 23.793248
4.855 23.777855
4.86 23.762461
4.865 23.747068
4.87 23.731674
4.875 23.716281
4.88 23.701034
4.885 23.685788
4.89 23.670541
4.895 23.655294
4.9 23.640048
4.905 23.62495
4.91 23.609852
4.915 23.594754
4.92 23.579656
4.925 23.564558
4.93 23.54961
4.935 23.534662
4.94 23.519714
4.945 23.504766
4.95 23.489818
4.955 23.475021
4.96 23.460224
4.965 23.445427
4.97 23.43063
4.975 23.415833
4.98 23.401187
4.985 23.386542
4.99 23.371896
4.995 23.357251
5 23.342606
5.005 23.328112
5.01 23.313619
5.015 23.299126
5.02 23.284633
5.025 23.270139
5.03 23.255798
5.035 23.241457
5.04 23.227116
5.045 23.212775
5.05 23.198435
5.055 23.184246
5.06 23.170057
5.065 23.155869
5.07 23.14168
5.075 23.127491
5.08 23.113455
5.085 23.099419
5.09 23.085383
5.095 23.071346
5.1 23.05731
5.105 23.043426
5.11 23.029541
5.115 23.015657
5.12 23.001773
5.125 22.987888
5.13 22.974155
5.135 22.960423
5.14 22.94669
5.145 22.932957
5.15 22.919225
5.155 22.905643
5.16 22.892061
5.165 22.87848
5.17 22.864898
5.175 22.851316
5.18 22.837885
5.185 22.824454
5.19 22.811023
5.195 22.797592
5.2 22.784161
5.205 22.77088
5.21 22.757599
5.215 22.744317
5.22 22.731036
5.225 22.717755
5.23 22.704623
5.235 22.691491
5.24 22.678358
5.245 22.665226
5.25 22.652094
5.255 22.63911
5.26 22.626126
5.265 22.613142
5.27 22.600158
5.275 22.587174
5.28 22.574337
5.285 22.561501
5.29 22.548664
5.295 22.535828
5.3 22.522991
5.305 22.510301
5.31 22.497611
5.315 22.48492
5.32 22.47223
5.325 22.45954
5.33 22.446995
5.335 22.43445
5.34 22.421905
5.345 22.409359
5.35 22.396814
5.355 22.384414
5.36 22.372013
5.365 22.359612
5.37 22.347211
5.375 22.334811
5.38 22.322553
5.385 22.310295
5.39 22.298037
5.395 22.28578
5.4 22.273522
5.405 22.261406
5.41 22.24929
5.415 22.237175
5.42 22.225059
5.425 22.212943
5.43 22.200968
5.435 22.188993
5.44 22.177018
5.445 22.165043
5.45 22.153068
5.455 22.141232
5.46 22.129397
5.465 22.117561
5.47 22.105726
5.475 22.09389
5.48 22.082193
5.485 22.070495
5.49 22.058798
5.495 22.047101
5.5 22.035403
5.505 22.023843
5.51 22.012282
5.515 22.000722
5.52 21.989161
5.525 21.977601
5.53 21.966176
5.535 21.954751
5.54 21.943326
5.545 21.931901
5.55 21.920476
5.555 21.909185
5.56 21.897894
5.565 21.886604
5.57 21.875313
5.575 21.864022
5.58 21.852864
5.585 21.841706
5.59 21.830549
5.595 21.819391
5.6 21.808233
5.605 21.797206
5.61 21.78618
5.615 21.775153
5.62 21.764127
5.625 21.7531
5.63 21.742204
5.635 21.731308
5.64 21.720411
5.645 21.709515
5.65 21.698618
5.655 21.68785
5.66 21.677082
5.665 21.666314
5.67 21.655547
5.675 21.644779
5.68 21.634138
5.685 21.623497
5.69 21.612856
5.695 21.602216
5.7 21.591575
5.705 21.58106
5.71 21.570545
5.715 21.56003
5.72 21.549515
5.725 21.539
5.73 21.528609
5.735 21.518218
5.74 21.507827
5.745 21.497436
5.75 21.487046
5.755 21.476778
5.76 21.46651
5.765 21.456242
5.77 21.445974
5.775 21.435706
5.78 21.425559
5.785 21.415412
5.79 21.405265
5.795 21.395119
5.8 21.384972
5.805 21.374945
5.81 21.364918
5.815 21.354891
5.82 21.344864
5.825 21.334837
5.83 21.324929
5.835 21.31502
5.84 21.305112
5.845 21.295203
5.85 21.285294
5.855 21.275503
5.86 21.265711
5.865 21.255919
5.87 21.246127
5.875 21.236336
5.88 21.226659
5.885 21.216983
5.89 21.207307
5.895 21.19763
5.9 21.187954
5.905 21.178391
5.91 21.168829
5.915 21.159266
5.92 21.149704
5.925 21.140141
5.93 21.130691
5.935 21.121241
5.94 21.111791
5.945 21.102341
5.95 21.092891
5.955 21.083552
5.96 21.074213
5.965 21.064873
5.97 21.055534
5.975 21.046195
5.98 21.036965
5.985 21.027736
5.99 21.018506
5.995 21.009276
6 21.000047
6.005 20.990925
6.01 20.981803
6.015 20.972681
6.02 20.96356
6.025 20.954438
6.03 20.945423
6.035 20.936407
6.04 20.927392
6.045 20.918377
6.05 20.909362
6.055 20.900452
6.06 20.891541
6.065 20.882631
6.07 20.873721
6.075 20.864811
6.08 20.856004
6.085 20.847197
6.09 20.838391
6.095 20.829584
6.1 20.820777
6.105 20.812073
6.11 20.803369
6.115 20.794664
6.12 20.78596
6.125 20.777255
6.13 20.768651
6.135 20.760048
6.14 20.751444
6.145 20.74284
6.15 20.734236
6.155 20.725732
6.16 20.717227
6.165 20.708723
6.17 20.700218
6.175 20.691714
6.18 20.683307
6.185 20.6749
6.19 20.666494
6.195 20.658087
6.2 20.64968
6.205 20.64137
6.21 20.63306
6.215 20.62475
6.22 20.61644
6.225 20.608129
6.23 20.599914
6.235 20.591699
6.24 20.583484
6.245 20.575269
6.25 20.567054
6.255 20.558932
6.26 20.550811
6.265 20.542689
6.27 20.534568
6.275 20.526446
6.28 20.518417
6.285 20.510388
6.29 20.502359
6.295 20.494329
6.3 20.4863
6.305 20.478362
6.31 20.470424
6.315 20.462485
6.32 20.454547
6.325 20.446609
6.33 20.43876
6.335 20.430911
6.34 20.423063
6.345 20.415214
6.35 20.407365
6.355 20.399605
6.36 20.391844
6.365 20.384084
6.37 20.376324
6.375 20.368563
6.38 20.36089
6.385 20.353216
6.39 20.345543
6.395 20.337869
6.4 20.330195
6.405 20.322608
6.41 20.31502
6.415 20.307432
6.42 20.299844
6.425 20.292256
6.43 20.284752
6.435 20.277249
6.44 20.269745
6.445 20.262242
6.45 20.254738
6.455 20.247318
6.46 20.239897
6.465 20.232477
6.47 20.225056
6.475 20.217635
6.48 20.210297
6.485 20.202958
6.49 20.195619
6.495 20.188281
6.5 20.180942
6.505 20.173684
6.51 20.166426
6.515 20.159167
6.52 20.151909
6.525 20.144651
6.53 20.137472
6.535 20.130293
6.54 20.123114
6.545 20.115935
6.55 20.108756
6.555 20.101656
6.56 20.094555
6.565 20.087454
6.57 20.080353
6.575 20.073252
6.58 20.066228
6.585 20.059205
6.59 20.052181
6.595 20.045157
6.6 20.038133
6.605 20.031185
6.61 20.024237
6.615 20.017288
6.62 20.01034
6.625 20.003392
6.63 19.996518
6.635 19.989645
6.64 19.982771
6.645 19.975897
6.65 19.969024
6.655 19.962223
6.66 19.955423
6.665 19.948623
6.67 19.941822
6.675 19.935022
6.68 19.928294
6.685 19.921566
6.69 19.914838
6.695 19.90811
6.7 19.901382
6.705 19.894725
6.71 19.888068
6.715 19.881411
6.72 19.874755
6.725 19.868098
6.73 19.861511
6.735 19.854924
6.74 19.848337
6.745 19.841751
6.75 19.835164
6.755 19.828646
6.76 19.822128
6.765 19.81561
6.77 19.809092
6.775 19.802574
6.78 19.796124
6.785 19.789674
6.79 19.783224
6.795 19.776774
6.8 19.770324
6.805 19.763941
6.81 19.757558
6.815 19.751175
6.82 19.744792
6.825 19.738409
6.83 19.732091
6.835 19.725774
6.84 19.719457
6.845 19.71314
6.85 19.706822
6.855 19.70057
6.86 19.694317
6.865 19.688065
6.87 19.681812
6.875 19.67556
6.88 19.669371
6.885 19.663182
6.89 19.656993
6.895 19.650805
6.9 19.644616
6.905 19.63849
6.91 19.632364
6.915 19.626238
6.92 19.620112
6.925 19.613986
6.93 19.607922
6.935 19.601858
6.94 19.595794
6.945 19.58973
6.95 19.583666
6.955 19.577663
6.96 19.57166
6.965 19.565657
6.97 19.559654
6.975 19.553651
6.98 19.547707
6.985 19.541764
6.99 19.535821
6.995 19.529878
7 19.523936
7.005 19.518034
7.01 19.512133
7.015 19.506254
7.02 19.500376
7.025 19.494515
7.03 19.488667
7.035 19.482835
7.04 19.477003
7.045 19.471194
7.05 19.465386
7.055 19.4596
7.06 19.453815
7.065 19.448052
7.07 19.442289
7.075 19.436542
7.08 19.430808
7.085 19.425091
7.09 19.419373
7.095 19.413677
7.1 19.407982
7.105 19.402309
7.11 19.396636
7.115 19.390985
7.12 19.385334
7.125 19.379698
7.13 19.374076
7.135 19.368469
7.14 19.362861
7.145 19.357275
7.15 19.35169
7.155 19.346126
7.16 19.340563
7.165 19.33502
7.17 19.329478
7.175 19.32395
7.18 19.318435
7.185 19.312935
7.19 19.307436
7.195 19.301956
7.2 19.296478
7.205 19.29102
7.21 19.285562
7.215 19.280125
7.22 19.274688
7.225 19.269265
7.23 19.263855
7.235 19.258459
7.24 19.253064
7.245 19.247688
7.25 19.242313
7.255 19.236958
7.26 19.231603
7.265 19.226269
7.27 19.220934
7.275 19.215613
7.28 19.210305
7.285 19.20501
7.29 19.199715
7.295 19.19444
7.3 19.189166
7.305 19.183911
7.31 19.178656
7.315 19.173421
7.32 19.168186
7.325 19.162964
7.33 19.157755
7.335 19.152558
7.34 19.147362
7.345 19.142185
7.35 19.137008
7.355 19.131851
7.36 19.126693
7.365 19.121555
7.37 19.116416
7.375 19.111291
7.38 19.106177
7.385 19.101076
7.39 19.095976
7.395 19.090893
7.4 19.085812
7.405 19.080749
7.41 19.075686
7.415 19.070642
7.42 19.065597
7.425 19.060565
7.43 19.055545
7.435 19.050538
7.44 19.04553
7.445 19.04054
7.45 19.035552
7.455 19.030581
7.46 19.02561
7.465 19.020657
7.47 19.015704
7.475 19.010763
7.48 19.005834
7.485 19.000917
7.49 18.996
7.495 18.9911
7.5 18.986202
7.505 18.98132
7.51 18.976439
7.515 18.971575
7.52 18.966712
7.525 18.96186
7.53 18.957019
7.535 18.952191
7.54 18.947362
7.545 18.94255
7.55 18.937739
7.555 18.932945
7.56 18.928151
7.565 18.923374
7.57 18.918598
7.575 18.913833
7.58 18.909078
7.585 18.904335
7.59 18.899593
7.595 18.894867
7.6 18.890141
7.605 18.885433
7.61 18.880724
7.615 18.876032
7.62 18.87134
7.625 18.86666
7.63 18.86199
7.635 18.857331
7.64 18.852672
7.645 18.84803
7.65 18.843388
7.655 18.838763
7.66 18.834137
7.665 18.829528
7.67 18.824919
7.675 18.820321
7.68 18.815734
7.685 18.811157
7.69 18.80658
7.695 18.80202
7.7 18.79746
7.705 18.792916
7.71 18.788372
7.715 18.783844
7.72 18.779315
7.725 18.774798
7.73 18.770291
7.735 18.765795
7.74 18.761299
7.745 18.756818
7.75 18.752338
7.755 18.747874
7.76 18.743409
7.765 18.73896
7.77 18.734512
7.775 18.730073
7.78 18.725645
7.785 18.721228
7.79 18.716811
7.795 18.712408
7.8 18.708007
7.805 18.70362
7.81 18.699234
7.815 18.694863
7.82 18.690492
7.825 18.686131
7.83 18.681781
7.835 18.67744
7.84 18.6731
7.845 18.668775
7.85 18.66445
7.855 18.660141
7.86 18.655831
7.865 18.651536
7.87 18.647242
7.875 18.642957
7.88 18.638683
7.885 18.634419
7.89 18.630154
7.895 18.625904
7.9 18.621656
7.905 18.617421
7.91 18.613187
7.915 18.608968
7.92 18.604748
7.925 18.600539
7.93 18.596339
7.935 18.59215
7.94 18.58796
7.945 18.583785
7.95 18.579611
7.955 18.575451
7.96 18.571291
7.965 18.567146
7.97 18.563001
7.975 18.558866
7.98 18.55474
7.985 18.550625
7.99 18.546509
7.995 18.542407
8 18.538307
8.005 18.53422
8.01 18.530134
8.015 18.526062
8.02 18.521991
8.025 18.517929
8.03 18.513876
8.035 18.509834
8.04 18.505791
8.045 18.501763
8.05 18.497735
8.055 18.493722
8.06 18.489708
8.065 18.485709
8.07 18.481711
8.075 18.477721
8.08 18.473742
8.085 18.469772
8.09 18.465802
8.095 18.461846
8.1 18.457891
8.105 18.45395
8.11 18.450009
8.115 18.446083
8.12 18.442156
8.125 18.43824
8.13 18.434333
8.135 18.430435
8.14 18.426538
8.145 18.422654
8.15 18.418772
8.155 18.414903
8.16 18.411035
8.165 18.407181
8.17 18.403327
8.175 18.399483
8.18 18.395648
8.185 18.391823
8.19 18.387999
8.195 18.384188
8.2 18.380378
8.205 18.376582
8.21 18.372786
8.215 18.369005
8.22 18.365224
8.225 18.361453
8.23 18.357691
8.235 18.353939
8.24 18.350187
8.245 18.34645
8.25 18.342713
8.255 18.338991
8.26 18.335268
8.265 18.331561
8.27 18.327853
8.275 18.324156
8.28 18.320468
8.285 18.31679
8.29 18.313112
8.295 18.309448
8.3 18.305786
8.305 18.302138
8.31 18.29849
8.315 18.294857
8.32 18.291225
8.325 18.287602
8.33 18.283989
8.335 18.280386
8.34 18.276784
8.345 18.273196
8.35 18.26961
8.355 18.266038
8.36 18.262466
8.365 18.25891
8.37 18.255353
8.375 18.251808
8.38 18.248272
8.385 18.244747
8.39 18.241222
8.395 18.237712
8.4 18.234203
8.405 18.23071
8.41 18.227217
8.415 18.223739
8.42 18.220262
8.425 18.216796
8.43 18.21334
8.435 18.209895
8.44 18.20645
8.445 18.203021
8.45 18.199593
8.455 18.196181
8.46 18.192769
8.465 18.189374
8.47 18.185979
8.475 18.182596
8.48 18.179223
8.485 18.175862
8.49 18.172501
8.495 18.169157
8.5 18.165814
8.505 18.162488
8.51 18.159162
8.515 18.155853
8.52 18.152545
8.525 18.149249
8.53 18.145964
8.535 18.142691
8.54 18.139419
8.545 18.136165
8.55 18.132911
8.555 18.129676
8.56 18.126441
8.565 18.123224
8.57 18.120008
8.575 18.116805
8.58 18.113614
8.585 18.110436
8.59 18.107259
8.595 18.1041
8.6 18.100943
8.605 18.097805
8.61 18.094668
8.615 18.09155
8.62 18.088433
8.625 18.085331
8.63 18.08224
8.635 18.079165
8.64 18.07609
8.645 18.073035
8.65 18.069982
8.655 18.06695
8.66 18.063918
8.665 18.060909
8.67 18.057899
8.675 18.054906
8.68 18.051926
8.685 18.048962
8.69 18.045998
8.695 18.043058
8.7 18.040118
8.705 18.037202
8.71 18.034287
8.715 18.031395
8.72 18.028504
8.725 18.025631
8.73 18.022772
8.735 18.019931
8.74 18.017091
8.745 18.014276
8.75 18.011462
8.755 18.008675
8.76 18.005887
8.765 18.003127
8.77 18.000366
8.775 17.997626
8.78 17.994902
8.785 17.992198
8.79 17.989494
8.795 17.986819
8.8 17.984144
8.805 17.981499
8.81 17.978854
8.815 17.97624
8.82 17.973625
8.825 17.971033
8.83 17.968458
8.835 17.965906
8.84 17.963354
8.845 17.960835
8.85 17.958316
8.855 17.955829
8.86 17.953343
8.865 17.950891
8.87 17.948438
8.875 17.946011
8.88 17.943602
8.885 17.94122
8.89 17.938837
8.895 17.93649
8.9 17.934143
8.905 17.931833
8.91 17.929523
8.915 17.92725
8.92 17.924977
8.925 17.922732
8.93 17.920507
8.935 17.918311
8.94 17.916114
8.945 17.913957
8.95 17.9118
8.955 17.909683
8.96 17.907565
8.965 17.905489
8.97 17.903412
8.975 17.901365
8.98 17.89934
8.985 17.897346
8.99 17.895351
8.995 17.893399
9 17.891447
9.005 17.889537
9.01 17.887627
9.015 17.885761
9.02 17.883894
9.025 17.882059
9.03 17.880246
9.035 17.878466
9.04 17.876686
9.045 17.874949
9.05 17.873213
9.055 17.871521
9.06 17.869828
9.065 17.86818
9.07 17.866531
9.075 17.864916
9.08 17.863322
9.085 17.861762
9.09 17.860202
9.095 17.858686
9.1 17.857169
9.105 17.855697
9.11 17.854224
9.115 17.852796
9.12 17.851367
9.125 17.849971
9.13 17.848596
9.135 17.847254
9.14 17.845912
9.145 17.844612
9.15 17.843312
9.155 17.842055
9.16 17.840797
9.165 17.839581
9.17 17.838365
9.175 17.837181
9.18 17.836016
9.185 17.834881
9.19 17.833747
9.195 17.832652
9.2 17.831558
9.205 17.830502
9.21 17.829447
9.215 17.828429
9.22 17.827412
9.225 17.826423
9.23 17.825452
9.235 17.824509
9.24 17.823566
9.245 17.822659
9.25 17.821752
9.255 17.820879
9.26 17.820007
9.265 17.819169
9.27 17.818331
9.275 17.817518
9.28 17.816721
9.285 17.815948
9.29 17.815175
9.295 17.814434
9.3 17.813692
9.305 17.812981
9.31 17.81227
9.315 17.811588
9.32 17.810907
9.325 17.810247
9.33 17.809601
9.335 17.808976
9.34 17.808351
9.345 17.807752
9.35 17.807154
9.355 17.806581
9.36 17.806009
9.365 17.805461
9.37 17.804914
9.375 17.804385
9.38 17.803867
9.385 17.803367
9.39 17.802867
9.395 17.80239
9.4 17.801912
9.405 17.801456
9.41 17.801001
9.415 17.800566
9.42 17.800131
9.425 17.799712
9.43 17.799301
9.435 17.798906
9.44 17.798511
9.445 17.798135
9.45 17.797758
9.455 17.797399
9.46 17.79704
9.465 17.796699
9.47 17.796358
9.475 17.79603
9.48 17.795709
9.485 17.7954
9.49 17.795092
9.495 17.794799
9.5 17.794505
9.505 17.794227
9.51 17.793948
9.515 17.793684
9.52 17.79342
9.525 17.793166
9.53 17.792919
9.535 17.792681
9.54 17.792444
9.545 17.79222
9.55 17.791995
9.555 17.791782
9.56 17.79157
9.565 17.791369
9.57 17.791168
9.575 17.790976
9.58 17.790788
9.585 17.790609
9.59 17.790431
9.595 17.790262
9.6 17.790094
9.605 17.789935
9.61 17.789776
9.615 17.789627
9.62 17.789478
9.625 17.789336
9.63 17.789198
9.635 17.789067
9.64 17.788936
9.645 17.788814
9.65 17.788691
9.655 17.788576
9.66 17.788462
9.665 17.788355
9.67 17.788249
9.675 17.788148
9.68 17.78805
9.685 17.787959
9.69 17.787867
9.695 17.787782
9.7 17.787697
9.705 17.787618
9.71 17.78754
9.715 17.787468
9.72 17.787396
9.725 17.787329
9.73 17.787264
9.735 17.787205
9.74 17.787145
9.745 17.787091
9.75 17.787036
9.755 17.786987
9.76 17.786939
9.765 17.786895
9.77 17.786852
9.775 17.786813
9.78 17.786775
9.785 17.786741
9.79 17.786708
9.795 17.786679
9.8 17.78665
9.805 17.786625
9.81 17.786601
9.815 17.786581
9.82 17.786561
9.825 17.786543
9.83 17.786528
9.835 17.786516
9.84 17.786504
9.845 17.786496
9.85 17.786488
9.855 17.786483
9.86 17.786479
9.865 17.786478
9.87 17.786477
9.875 17.786478
9.88 17.786481
9.885 17.786487
9.89 17.786493
9.895 17.786501
9.9 17.78651
9.905 17.786522
9.91 17.786533
9.915 17.786548
9.92 17.786563
9.925 17.78658
9.93 17.786598
9.935 17.786618
9.94 17.786638
9.945 17.786661
9.95 17.786683
9.955 17.786708
9.96 17.786733
9.965 17.786761
9.97 17.786788
9.975 17.786817
9.98 17.786848
9.985 17.78688
9.99 17.786912
9.995 17.786946
10 17.78698
10.005 17.787016
10.01 17.787052
10.015 17.78709
10.02 17.787128
10.025 17.787167
10.03 17.787208
10.035 17.78725
10.04 17.787291
10.045 17.787334
10.05 17.787378
10.055 17.787423
10.06 17.787468
10.065 17.787514
10.07 17.787561
10.075 17.787609
10.08 17.787657
10.085 17.787707
10.09 17.787756
10.095 17.787807
10.1 17.787859
10.105 17.787911
10.11 17.787963
10.115 17.788017
10.12 17.78807
10.125 17.788125
10.13 17.78818
10.135 17.788236
10.14 17.788292
10.145 17.788349
10.15 17.788406
10.155 17.788464
10.16 17.788522
10.165 17.788582
10.17 17.788641
10.175 17.788701
10.18 17.788761
10.185 17.788822
10.19 17.788884
10.195 17.788946
10.2 17.789008
10.205 17.789071
10.21 17.789133
10.215 17.789197
10.22 17.789261
10.225 17.789325
10.23 17.78939
10.235 17.789455
10.24 17.789521
10.245 17.789587
10.25 17.789653
10.255 17.789719
10.26 17.789786
10.265 17.789853
10.27 17.789921
10.275 17.789988
10.28 17.790056
10.285 17.790125
10.29 17.790194
10.295 17.790263
10.3 17.790332
10.305 17.790401
10.31 17.790471
10.315 17.790541
10.32 17.790611
10.325 17.790682
10.33 17.790752
10.335 17.790823
10.34 17.790895
10.345 17.790966
10.35 17.791038
10.355 17.791109
10.36 17.791181
10.365 17.791254
10.37 17.791326
10.375 17.791398
10.38 17.791471
10.385 17.791544
10.39 17.791617
10.395 17.79169
10.4 17.791763
10.405 17.791837
10.41 17.791911
10.415 17.791984
10.42 17.792058
10.425 17.792132
10.43 17.792206
10.435 17.792281
10.44 17.792355
10.445 17.792429
10.45 17.792504
10.455 17.792579
10.46 17.792654
10.465 17.792729
10.47 17.792803
10.475 17.792878
10.48 17.792954
10.485 17.793029
10.49 17.793104
10.495 17.79318
10.5 17.793255
10.505 17.793331
10.51 17.793406
10.515 17.793482
10.52 17.793557
10.525 17.793633
10.53 17.793709
10.535 17.793785
10.54 17.793861
10.545 17.793936
10.55 17.794012
10.555 17.794088
10.56 17.794164
10.565 17.79424
10.57 17.794316
10.575 17.794392
10.58 17.794468
10.585 17.794545
10.59 17.794621
10.595 17.794697
10.6 17.794773
10.605 17.794849
10.61 17.794925
10.615 17.795001
10.62 17.795077
10.625 17.795153
10.63 17.795229
10.635 17.795305
10.64 17.795382
10.645 17.795458
10.65 17.795534
10.655 17.79561
10.66 17.795686
10.665 17.795762
10.67 17.795837
10.675 17.795913
10.68 17.795989
10.685 17.796065
10.69 17.796141
10.695 17.796216
10.7 17.796292
10.705 17.796368
10.71 17.796444
10.715 17.79652
10.72 17.796595
10.725 17.796671
10.73 17.796746
10.735 17.796822
10.74 17.796897
10.745 17.796972
10.75 17.797048
10.755 17.797123
10.76 17.797198
10.765 17.797273
10.77 17.797348
10.775 17.797422
10.78 17.797498
10.785 17.797573
10.79 17.797648
10.795 17.797722
10.8 17.797797
10.805 17.797872
10.81 17.797946
10.815 17.798021
10.82 17.798095
10.825 17.798169
10.83 17.798244
10.835 17.798318
10.84 17.798392
10.845 17.798466
10.85 17.79854
10.855 17.798614
10.86 17.798688
10.865 17.798761
10.87 17.798835
10.875 17.798908
10.88 17.798982
10.885 17.799055
10.89 17.799129
10.895 17.799202
10.9 17.799275
10.905 17.799348
10.91 17.799421
10.915 17.799493
10.92 17.799566
10.925 17.799638
10.93 17.799712
10.935 17.799784
10.94 17.799856
10.945 17.799928
10.95 17.800001
10.955 17.800073
10.96 17.800145
10.965 17.800217
10.97 17.800288
10.975 17.800359
10.98 17.800432
10.985 17.800503
10.99 17.800575
10.995 17.800646
11 17.800717
11.005 17.800788
11.01 17.800859
11.015 17.80093
11.02 17.801001
11.025 17.80107
11.03 17.801142
11.035 17.801212
11.04 17.801283
11.045 17.801353
11.05 17.801423
11.055 17.801493
11.06 17.801563
11.065 17.801633
11.07 17.801703
11.075 17.801771
11.08 17.801842
11.085 17.801911
11.09 17.80198
11.095 17.802049
11.1 17.802118
11.105 17.802187
11.11 17.802256
11.115 17.802325
11.12 17.802393
11.125 17.802462
11.13 17.80253
11.135 17.802598
11.14 17.802666
11.145 17.802734
11.15 17.802802
11.155 17.80287
11.16 17.802938
11.165 17.803005
11.17 17.803073
11.175 17.803139
11.18 17.803207
11.185 17.803274
11.19 17.803341
11.195 17.803408
11.2 17.803475
11.205 17.803542
11.21 17.803608
11.215 17.803674
11.22 17.803741
11.225 17.803806
11.23 17.803873
11.235 17.803939
11.24 17.804005
11.245 17.80407
11.25 17.804136
11.255 17.804201
11.26 17.804267
11.265 17.804332
11.27 17.804397
11.275 17.804461
11.28 17.804527
11.285 17.804591
11.29 17.804656
11.295 17.80472
11.3 17.804785
11.305 17.804849
11.31 17.804914
11.315 17.804977
11.32 17.805041
11.325 17.805104
11.33 17.805169
11.335 17.805232
11.34 17.805296
11.345 17.805359
11.35 17.805422
11.355 17.805485
11.36 17.805548
11.365 17.805611
11.37 17.805674
11.375 17.805736
11.38 17.805799
11.385 17.805861
11.39 17.805923
11.395 17.805985
11.4 17.806047
11.405 17.806109
11.41 17.806171
11.415 17.806233
11.42 17.806294
11.425 17.806355
11.43 17.806417
11.435 17.806478
11.44 17.806539
11.445 17.8066
11.45 17.806661
11.455 17.806721
11.46 17.806782
11.465 17.806842
11.47 17.806903
11.475 17.806962
11.48 17.807023
11.485 17.807083
11.49 17.807143
11.495 17.807202
11.5 17.807262
11.505 17.807321
11.51 17.807381
11.515 17.80744
11.52 17.807499
11.525 17.807558
11.53 17.807617
11.535 17.807676
11.54 17.807735
11.545 17.807793
11.55 17.807852
11.555 17.80791
11.56 17.807968
11.565 17.808026
11.57 17.808084
11.575 17.808141
11.58 17.8082
11.585 17.808257
11.59 17.808315
11.595 17.808372
11.6 17.808429
11.605 17.808486
11.61 17.808544
11.615 17.8086
11.62 17.808657
11.625 17.808713
11.63 17.80877
11.635 17.808827
11.64 17.808883
11.645 17.808939
11.65 17.808996
11.655 17.809051
11.66 17.809107
11.665 17.809163
11.67 17.809219
11.675 17.809273
11.68 17.80933
11.685 17.809385
11.69 17.80944
11.695 17.809495
11.7 17.80955
11.705 17.809605
11.71 17.809659
11.715 17.809714
11.72 17.809769
11.725 17.809822
11.73 17.809877
11.735 17.809931
11.74 17.809985
11.745 17.810039
11.75 17.810093
11.755 17.810147
11.76 17.8102
11.765 17.810254
11.77 17.810307
11.775 17.81036
11.78 17.810414
11.785 17.810467
11.79 17.81052
11.795 17.810572
11.8 17.810625
11.805 17.810678
11.81 17.81073
11.815 17.810782
11.82 17.810835
11.825 17.810886
11.83 17.810939
11.835 17.810991
11.84 17.811043
11.845 17.811094
11.85 17.811146
11.855 17.811197
11.86 17.811249
11.865 17.8113
11.87 17.811351
11.875 17.811402
11.88 17.811453
11.885 17.811504
11.89 17.811555
11.895 17.811605
11.9 17.811656
11.905 17.811707
11.91 17.811757
11.915 17.811807
11.92 17.811857
11.925 17.811907
11.93 17.811957
11.935 17.812007
11.94 17.812057
11.945 17.812106
11.95 17.812156
11.955 17.812205
11.96 17.812254
11.965 17.812303
11.97 17.812352
11.975 17.812401
11.98 17.81245
11.985 17.812499
11.99 17.812547
11.995 17.812596
12 17.812645
12.005 17.812693
12.01 17.812741
12.015 17.812789
12.02 17.812837
12.025 17.812885
12.03 17.812933
12.035 17.812981
12.04 17.813028
12.045 17.813075
12.05 17.813123
12.055 17.81317
12.06 17.813218
12.065 17.813265
12.07 17.813312
12.075 17.813358
12.08 17.813405
12.085 17.813452
12.09 17.813499
12.095 17.813545
12.1 17.813592
12.105 17.813638
12.11 17.813684
12.115 17.81373
12.12 17.813776
12.125 17.813822
12.13 17.813868
12.135 17.813914
12.14 17.813959
12.145 17.814005
12.15 17.81405
12.155 17.814096
12.16 17.814141
12.165 17.814186
12.17 17.814231
12.175 17.814276
12.18 17.814321
12.185 17.814365
12.19 17.81441
12.195 17.814454
12.2 17.814499
12.205 17.814543
12.21 17.814588
12.215 17.814632
12.22 17.814676
12.225 17.81472
12.23 17.814764
12.235 17.814808
12.24 17.814851
12.245 17.814895
12.25 17.814938
12.255 17.814982
12.26 17.815025
12.265 17.815068
12.27 17.815112
12.275 17.815154
12.28 17.815198
12.285 17.81524
12.29 17.815283
12.295 17.815325
12.3 17.815368
12.305 17.815411
12.31 17.815453
12.315 17.815495
12.32 17.815538
12.325 17.815579
12.33 17.815622
12.335 17.815664
12.34 17.815706
12.345 17.815747
12.35 17.815789
12.355 17.81583
12.36 17.815872
12.365 17.815913
12.37 17.815955
12.375 17.815995
12.38 17.816037
12.385 17.816078
12.39 17.816119
12.395 17.816159
12.4 17.8162
12.405 17.816241
12.41 17.816281
12.415 17.816322
12.42 17.816362
12.425 17.816402
12.43 17.816442
12.435 17.816483
12.44 17.816523
12.445 17.816562
12.45 17.816602
12.455 17.816642
12.46 17.816682
12.465 17.816721
12.47 17.816761
12.475 17.8168
12.48 17.816839
12.485 17.816878
12.49 17.816917
12.495 17.816956
12.5 17.816995
12.505 17.817034
12.51 17.817073
12.515 17.817111
12.52 17.81715
12.525 17.817188
12.53 17.817226
12.535 17.817264
12.54 17.817302
12.545 17.81734
12.55 17.817378
12.555 17.817416
12.56 17.817454
12.565 17.817491
12.57 17.817528
12.575 17.817566
12.58 17.817603
12.585 17.81764
12.59 17.817677
12.595 17.817714
12.6 17.81775
12.605 17.817787
12.61 17.817823
12.615 17.817859
12.62 17.817895
12.625 17.817931
12.63 17.817967
12.635 17.818002
12.64 17.818038
12.645 17.818073
12.65 17.818108
12.655 17.818142
12.66 17.818176
12.665 17.81821
12.67 17.818244
12.675 17.818277
12.68 17.81831
12.685 17.818341
12.69 17.818373
12.695 17.818404
12.7 17.818434
12.705 17.818461
12.71 17.818489
12.715 17.818513
12.72 17.818536
12.725 17.818557
12.73 17.818568
12.735 17.818567
12.74 17.818566
12.745 17.818513
12.75 17.818456
12.755 17.818135
12.76 17.817814
12.765 17.816681
12.77 17.815548
12.775 17.814047
12.78 17.812466
12.785 17.81085
12.79 17.809233
12.795 17.807598
12.8 17.805961
12.805 17.804318
12.81 17.802675
12.815 17.80103
12.82 17.799385
12.825 17.797741
12.83 17.796095
12.835 17.794451
12.84 17.792807
12.845 17.791165
12.85 17.789522
12.855 17.787881
12.86 17.786241
12.865 17.784602
12.87 17.782963
12.875 17.781326
12.88 17.77969
12.885 17.778055
12.89 17.776421
12.895 17.774789
12.9 17.773157
12.905 17.771527
12.91 17.769897
12.915 17.76827
12.92 17.766643
12.925 17.765017
12.93 17.763392
12.935 17.76177
12.94 17.760147
12.945 17.758527
12.95 17.756907
12.955 17.755289
12.96 17.753671
12.965 17.752056
12.97 17.75044
12.975 17.748827
12.98 17.747214
12.985 17.745604
12.99 17.743993
12.995 17.742386
13 17.740777
13.005 17.739172
13.01 17.737566
13.015 17.735963
13.02 17.73436
13.025 17.732758
13.03 17.731158
13.035 17.729559
13.04 17.727961
13.045 17.726365
13.05 17.724769
13.055 17.723176
13.06 17.721582
13.065 17.719991
13.07 17.7184
13.075 17.716811
13.08 17.715222
13.085 17.713636
13.09 17.71205
13.095 17.710466
13.1 17.708882
13.105 17.707301
13.11 17.705719
13.115 17.70414
13.12 17.702561
13.125 17.700983
13.13 17.699407
13.135 17.697833
13.14 17.696258
13.145 17.694687
13.15 17.693115
13.155 17.691545
13.16 17.689975
13.165 17.688408
13.17 17.686841
13.175 17.685276
13.18 17.683711
13.185 17.682149
13.19 17.680586
13.195 17.679026
13.2 17.677466
13.205 17.675908
13.21 17.67435
13.215 17.672795
13.22 17.671239
13.225 17.669686
13.23 17.668133
13.235 17.666582
13.24 17.665032
13.245 17.663483
13.25 17.661935
13.255 17.660389
13.26 17.658843
13.265 17.657299
13.27 17.655755
13.275 17.654213
13.28 17.652672
13.285 17.651133
13.29 17.649594
13.295 17.648057
13.3 17.64652
13.305 17.644985
13.31 17.643451
13.315 17.641919
13.32 17.640387
13.325 17.638856
13.33 17.637327
13.335 17.635799
13.34 17.634271
13.345 17.632746
13.35 17.63122
13.355 17.629697
13.36 17.628174
13.365 17.626653
13.37 17.625132
13.375 17.623614
13.38 17.622095
13.385 17.620579
13.39 17.619063
13.395 17.617549
13.4 17.616035
13.405 17.614523
13.41 17.613011
13.415 17.611501
13.42 17.609992
13.425 17.608484
13.43 17.606977
13.435 17.605472
13.44 17.603967
13.445 17.602464
13.45 17.600961
13.455 17.599461
13.46 17.59796
13.465 17.596462
13.47 17.594963
13.475 17.593467
13.48 17.591971
13.485 17.590477
13.49 17.588983
13.495 17.587491
13.5 17.585999
13.505 17.58451
13.51 17.58302
13.515 17.581533
13.52 17.580046
13.525 17.57856
13.53 17.577075
13.535 17.575592
13.54 17.574109
13.545 17.572629
13.55 17.571148
13.555 17.569669
13.56 17.56819
13.565 17.566714
13.57 17.565238
13.575 17.563763
13.58 17.562289
13.585 17.560817
13.59 17.559345
13.595 17.557875
13.6 17.556405
13.605 17.554937
13.61 17.553469
13.615 17.552004
13.62 17.550538
13.625 17.549074
13.63 17.547611
13.635 17.54615
13.64 17.544688
13.645 17.543229
13.65 17.54177
13.655 17.540313
13.66 17.538856
13.665 17.537401
13.67 17.535946
13.675 17.534492
13.68 17.53304
13.685 17.531589
13.69 17.530139
13.695 17.52869
13.7 17.527241
13.705 17.525795
13.71 17.524348
13.715 17.522904
13.72 17.52146
13.725 17.520017
13.73 17.518575
13.735 17.517135
13.74 17.515695
13.745 17.514257
13.75 17.512818
13.755 17.511382
13.76 17.509946
13.765 17.508512
13.77 17.507079
13.775 17.505646
13.78 17.504215
13.785 17.502785
13.79 17.501355
13.795 17.499927
13.8 17.4985
13.805 17.497074
13.81 17.495648
13.815 17.494225
13.82 17.492801
13.825 17.491379
13.83 17.489958
13.835 17.488539
13.84 17.487119
13.845 17.485702
13.85 17.484284
13.855 17.482869
13.86 17.481453
13.865 17.48004
13.87 17.478627
13.875 17.477215
13.88 17.475804
13.885 17.474395
13.89 17.472985
13.895 17.471578
13.9 17.470171
13.905 17.468765
13.91 17.46736
13.915 17.465957
13.92 17.464554
13.925 17.463152
13.93 17.461751
13.935 17.460352
13.94 17.458953
13.945 17.457555
13.95 17.456158
13.955 17.454763
13.96 17.453368
13.965 17.451974
13.97 17.450581
13.975 17.44919
13.98 17.447799
13.985 17.446409
13.99 17.44502
13.995 17.443633
14 17.442245
14.005 17.440862
14.01 17.439478
14.015 17.438094
14.02 17.43671
14.025 17.435326
14.03 17.433947
14.035 17.432569
14.04 17.43119
14.045 17.429811
14.05 17.428432
14.055 17.427058
14.06 17.425684
14.065 17.42431
14.07 17.422936
14.075 17.421562
14.08 17.420193
14.085 17.418823
14.09 17.417454
14.095 17.416085
14.1 17.414716
14.105 17.413352
14.11 17.411987
14.115 17.410623
14.12 17.409259
14.125 17.407894
14.13 17.406535
14.135 17.405175
14.14 17.403816
14.145 17.402456
14.15 17.401097
14.155 17.399742
14.16 17.398387
14.165 17.397032
14.17 17.395678
14.175 17.394323
14.18 17.392973
14.185 17.391623
14.19 17.390273
14.195 17.388923
14.2 17.387573
14.205 17.386228
14.21 17.384883
14.215 17.383537
14.22 17.382192
14.225 17.380847
14.23 17.379507
14.235 17.378166
14.24 17.376826
14.245 17.375485
14.25 17.374145
14.255 17.372809
14.26 17.371473
14.265 17.370137
14.27 17.368801
14.275 17.367465
14.28 17.366134
14.285 17.364803
14.29 17.363472
14.295 17.362141
14.3 17.360809
14.305 17.359483
14.31 17.358156
14.315 17.35683
14.32 17.355503
14.325 17.354177
14.33 17.352855
14.335 17.351533
14.34 17.350211
14.345 17.348889
14.35 17.347567
14.355 17.34625
14.36 17.344933
14.365 17.343615
14.37 17.342298
14.375 17.340981
14.38 17.339668
14.385 17.338355
14.39 17.337042
14.395 17.33573
14.4 17.334417
14.405 17.333109
14.41 17.3318
14.415 17.330492
14.42 17.329184
14.425 17.327876
14.43 17.326572
14.435 17.325268
14.44 17.323965
14.445 17.322661
14.45 17.321357
14.455 17.320058
14.46 17.318759
14.465 17.31746
14.47 17.31616
14.475 17.314861
14.48 17.313567
14.485 17.312272
14.49 17.310977
14.495 17.309682
14.5 17.308388
14.505 17.307097
14.51 17.305807
14.515 17.304517
14.52 17.303226
14.525 17.301936
14.53 17.30065
14.535 17.299364
14.54 17.298079
14.545 17.296793
14.55 17.295507
14.555 17.294225
14.56 17.292944
14.565 17.291663
14.57 17.290381
14.575 17.2891
14.58 17.287823
14.585 17.286546
14.59 17.285268
14.595 17.283991
14.6 17.282714
14.605 17.281442
14.61 17.280169
14.615 17.278896
14.62 17.277623
14.625 17.276351
14.63 17.275082
14.635 17.273814
14.64 17.272546
14.645 17.271277
14.65 17.270009
14.655 17.268745
14.66 17.267481
14.665 17.266217
14.67 17.264953
14.675 17.263689
14.68 17.262429
14.685 17.261169
14.69 17.259909
14.695 17.258649
14.7 17.25739
14.705 17.256134
14.71 17.254879
14.715 17.253623
14.72 17.252368
14.725 17.251112
14.73 17.249861
14.735 17.24861
14.74 17.247358
14.745 17.246107
14.75 17.244856
14.755 17.243609
14.76 17.242362
14.765 17.241115
14.77 17.239868
14.775 17.238621
14.78 17.237378
14.785 17.236135
14.79 17.234893
14.795 17.23365
14.8 17.232407
14.805 17.231168
14.81 17.22993
14.815 17.228691
14.82 17.227452
14.825 17.226214
14.83 17.224979
14.835 17.223745
14.84 17.22251
14.845 17.221276
14.85 17.220041
14.855 17.218811
14.86 17.217581
14.865 17.21635
14.87 17.21512
14.875 17.21389
14.88 17.212663
14.885 17.211437
14.89 17.210211
14.895 17.208985
14.9 17.207759
14.905 17.206536
14.91 17.205314
14.915 17.204092
14.92 17.20287
14.925 17.201648
14.93 17.20043
14.935 17.199212
14.94 17.197994
14.945 17.196776
14.95 17.195558
14.955 17.194344
14.96 17.19313
14.965 17.191916
14.97 17.190702
14.975 17.189488
14.98 17.188278
14.985 17.187068
14.99 17.185857
14.995 17.184647
15 17.183437
15.005 17.182029
15.01 17.180821
15.015 17.179614
15.02 17.178407
15.025 17.177201
15.03 17.175996
15.035 17.174792
15.04 17.173589
15.045 17.172386
15.05 17.171184
15.055 17.169983
15.06 17.168783
15.065 17.167584
15.07 17.166385
15.075 17.165188
15.08 17.163991
15.085 17.162794
15.09 17.161599
15.095 17.160404
15.1 17.159211
15.105 17.158018
15.11 17.156825
15.115 17.155634
15.12 17.154443
15.125 17.153253
15.13 17.152064
15.135 17.150876
15.14 17.149689
15.145 17.148502
15.15 17.147316
15.155 17.146131
15.16 17.144946
15.165 17.143763
15.17 17.14258
15.175 17.141398
15.18 17.140217
15.185 17.139036
15.19 17.137856
15.195 17.136678
15.2 17.135499
15.205 17.134322
15.21 17.133145
15.215 17.13197
15.22 17.130795
15.225 17.12962
15.23 17.128447
15.235 17.127274
15.24 17.126102
15.245 17.124931
15.25 17.12376
15.255 17.122591
15.26 17.121422
15.265 17.120254
15.27 17.119086
15.275 17.11792
15.28 17.116754
15.285 17.115589
15.29 17.114425
15.295 17.113261
15.3 17.112098
15.305 17.110936
15.31 17.109775
15.315 17.108614
15.32 17.107455
15.325 17.106296
15.33 17.105137
15.335 17.10398
15.34 17.102823
15.345 17.101667
15.35 17.100512
15.355 17.099357
15.36 17.098204
15.365 17.097051
15.37 17.095898
15.375 17.094747
15.38 17.093596
15.385 17.092446
15.39 17.091297
15.395 17.090149
15.4 17.089001
15.405 17.087854
15.41 17.086708
15.415 17.085562
15.42 17.084417
15.425 17.083273
15.43 17.08213
15.435 17.080987
15.44 17.079846
15.445 17.078705
15.45 17.077564
15.455 17.076425
15.46 17.075286
15.465 17.074148
15.47 17.07301
15.475 17.071874
15.48 17.070738
15.485 17.069603
15.49 17.068468
15.495 17.067334
15.5 17.066201
15.505 17.065069
15.51 17.063938
15.515 17.062807
15.52 17.061677
15.525 17.060548
15.53 17.059419
15.535 17.058291
15.54 17.057164
15.545 17.056037
15.55 17.054912
15.555 17.053787
15.56 17.052663
15.565 17.051539
15.57 17.050416
15.575 17.049294
15.58 17.048173
15.585 17.047052
15.59 17.045932
15.595 17.044813
15.6 17.043694
15.605 17.042577
15.61 17.04146
15.615 17.040343
15.62 17.039228
15.625 17.038113
15.63 17.036998
15.635 17.035885
15.64 17.034772
15.645 17.03366
15.65 17.032549
15.655 17.031438
15.66 17.030328
15.665 17.029219
15.67 17.02811
15.675 17.027003
15.68 17.025895
15.685 17.024789
15.69 17.023683
15.695 17.022578
15.7 17.021474
15.705 17.020371
15.71 17.019268
15.715 17.018165
15.72 17.017064
15.725 17.015963
15.73 17.014863
15.735 17.013764
15.74 17.012665
15.745 17.011567
15.75 17.01047
15.755 17.009373
15.76 17.008277
15.765 17.007182
15.77 17.006088
15.775 17.004994
15.78 17.003901
15.785 17.002808
15.79 17.001716
15.795 17.000625
15.8 16.999535
15.805 16.998445
15.81 16.997356
15.815 16.996268
15.82 16.995181
15.825 16.994094
15.83 16.993007
15.835 16.991922
15.84 16.990837
15.845 16.989753
15.85 16.988669
15.855 16.987587
15.86 16.986504
15.865 16.985423
15.87 16.984342
15.875 16.983262
15.88 16.982183
15.885 16.981104
15.89 16.980026
15.895 16.978949
15.9 16.977872
15.905 16.976796
15.91 16.975721
15.915 16.974646
15.92 16.973572
15.925 16.972499
15.93 16.971426
15.935 16.970354
15.94 16.969283
15.945 16.968212
15.95 16.967142
15.955 16.966073
15.96 16.965004
15.965 16.963937
15.97 16.962869
15.975 16.961803
15.98 16.960737
15.985 16.959671
15.99 16.958607
15.995 16.957543
16 16.95648
16.005 16.955417
16.01 16.954355
16.015 16.953294
16.02 16.952233
16.025 16.951173
16.03 16.950114
16.035 16.949055
16.04 16.947997
16.045 16.94694
16.05 16.945883
16.055 16.944828
16.06 16.943772
16.065 16.942718
16.07 16.941663
16.075 16.94061
16.08 16.939557
16.085 16.938505
16.09 16.937454
16.095 16.936403
16.1 16.935353
16.105 16.934304
16.11 16.933255
16.115 16.932207
16.12 16.931159
16.125 16.930112
16.13 16.929066
16.135 16.928021
16.14 16.926976
16.145 16.925932
16.15 16.924888
16.155 16.923845
16.16 16.922803
16.165 16.921761
16.17 16.92072
16.175 16.91968
16.18 16.91864
16.185 16.917601
16.19 16.916562
16.195 16.915525
16.2 16.914487
16.205 16.913451
16.21 16.912415
16.215 16.91138
16.22 16.910345
16.225 16.909311
16.23 16.908278
16.235 16.907245
16.24 16.906213
16.245 16.905182
16.25 16.904151
16.255 16.903121
16.26 16.902091
16.265 16.901062
16.27 16.900034
16.275 16.899006
16.28 16.897979
16.285 16.896953
16.29 16.895927
16.295 16.894902
16.3 16.893878
16.305 16.892854
16.31 16.891831
16.315 16.890808
16.32 16.889786
16.325 16.888765
16.33 16.887744
16.335 16.886724
16.34 16.885704
16.345 16.884686
16.35 16.883667
16.355 16.88265
16.36 16.881633
16.365 16.880616
16.37 16.879601
16.375 16.878586
16.38 16.877571
16.385 16.876557
16.39 16.875544
16.395 16.874531
16.4 16.873519
16.405 16.872508
16.41 16.871497
16.415 16.870487
16.42 16.869477
16.425 16.868468
16.43 16.86746
16.435 16.866452
16.44 16.865445
16.445 16.864439
16.45 16.863433
16.455 16.862428
16.46 16.861423
16.465 16.860419
16.47 16.859416
16.475 16.858413
16.48 16.857411
16.485 16.856409
16.49 16.855408
16.495 16.854408
16.5 16.853408
16.505 16.852409
16.51 16.85141
16.515 16.850412
16.52 16.849415
16.525 16.848418
16.53 16.847422
16.535 16.846426
16.54 16.845431
16.545 16.844437
16.55 16.843443
16.555 16.84245
16.56 16.841457
16.565 16.840465
16.57 16.839474
16.575 16.838483
16.58 16.837493
16.585 16.836504
16.59 16.835515
16.595 16.834526
16.6 16.833538
16.605 16.832551
16.61 16.831565
16.615 16.830579
16.62 16.829593
16.625 16.828608
16.63 16.827624
16.635 16.826641
16.64 16.825658
16.645 16.824675
16.65 16.823693
16.655 16.822712
16.66 16.821731
16.665 16.820751
16.67 16.819772
16.675 16.818793
16.68 16.817815
16.685 16.816837
16.69 16.81586
16.695 16.814883
16.7 16.813907
16.705 16.812932
16.71 16.811957
16.715 16.810983
16.72 16.810009
16.725 16.809036
16.73 16.808063
16.735 16.807092
16.74 16.80612
16.745 16.805149
16.75 16.804179
16.755 16.80321
16.76 16.802241
16.765 16.801272
16.77 16.800304
16.775 16.799337
16.78 16.79837
16.785 16.797404
16.79 16.796439
16.795 16.795474
16.8 16.794509
16.805 16.793546
16.81 16.792582
16.815 16.79162
16.82 16.790658
16.825 16.789696
16.83 16.788735
16.835 16.787775
16.84 16.786815
16.845 16.785856
16.85 16.784897
16.855 16.783939
16.86 16.782981
16.865 16.782024
16.87 16.781068
16.875 16.780112
16.88 16.779157
16.885 16.778202
16.89 16.777248
16.895 16.776294
16.9 16.775341
16.905 16.774389
16.91 16.773437
16.915 16.772486
16.92 16.771535
16.925 16.770585
16.93 16.769635
16.935 16.768686
16.94 16.767738
16.945 16.76679
16.95 16.765842
16.955 16.764895
16.96 16.763949
16.965 16.763003
16.97 16.762058
16.975 16.761114
16.98 16.760169
16.985 16.759226
16.99 16.758283
16.995 16.757341
17 16.756399
17.005 16.755458
17.01 16.754517
17.015 16.753577
17.02 16.752637
17.025 16.751698
17.03 16.750759
17.035 16.749821
17.04 16.748884
17.045 16.747947
17.05 16.747011
17.055 16.746075
17.06 16.74514
17.065 16.744205
17.07 16.743271
17.075 16.742337
17.08 16.741404
17.085 16.740472
17.09 16.73954
17.095 16.738609
17.1 16.737678
17.105 16.736747
17.11 16.735818
17.115 16.734888
17.12 16.73396
17.125 16.733032
17.13 16.732104
17.135 16.731177
17.14 16.730251
17.145 16.729325
17.15 16.728399
17.155 16.727474
17.16 16.72655
17.165 16.725626
17.17 16.724703
17.175 16.72378
17.18 16.722858
17.185 16.721936
17.19 16.721015
17.195 16.720095
17.2 16.719174
17.205 16.718255
17.21 16.717336
17.215 16.716417
17.22 16.7155
17.225 16.714582
17.23 16.713665
17.235 16.712749
17.24 16.711833
17.245 16.710918
17.25 16.710003
17.255 16.709089
17.26 16.708175
17.265 16.707262
17.27 16.70635
17.275 16.705438
17.28 16.704526
17.285 16.703615
17.29 16.702704
17.295 16.701794
17.3 16.700885
17.305 16.699976
17.31 16.699068
17.315 16.69816
17.32 16.697252
17.325 16.696346
17.33 16.695439
17.335 16.694534
17.34 16.693628
17.345 16.692724
17.35 16.691819
17.355 16.690916
17.36 16.690013
17.365 16.68911
17.37 16.688208
17.375 16.687306
17.38 16.686405
17.385 16.685504
17.39 16.684604
17.395 16.683705
17.4 16.682806
17.405 16.681907
17.41 16.681009
17.415 16.680112
17.42 16.679215
17.425 16.678318
17.43 16.677423
17.435 16.676527
17.44 16.675632
17.445 16.674738
17.45 16.673844
17.455 16.672951
17.46 16.672058
17.465 16.671165
17.47 16.670274
17.475 16.669382
17.48 16.668491
17.485 16.667601
17.49 16.666711
17.495 16.665822
17.5 16.664933
17.505 16.664045
17.51 16.663157
17.515 16.66227
17.52 16.661383
17.525 16.660497
17.53 16.659611
17.535 16.658726
17.54 16.657841
17.545 16.656957
17.55 16.656073
17.555 16.65519
17.56 16.654307
17.565 16.653425
17.57 16.652543
17.575 16.651662
17.58 16.650782
17.585 16.649901
17.59 16.649022
17.595 16.648142
17.6 16.647264
17.605 16.646386
17.61 16.645508
17.615 16.644631
17.62 16.643754
17.625 16.642878
17.63 16.642002
17.635 16.641127
17.64 16.640252
17.645 16.639378
17.65 16.638504
17.655 16.637631
17.66 16.636758
17.665 16.635886
17.67 16.635014
17.675 16.634143
17.68 16.633272
17.685 16.632402
17.69 16.631532
17.695 16.630663
17.7 16.629794
17.705 16.628926
17.71 16.628058
17.715 16.62719
17.72 16.626324
17.725 16.625457
17.73 16.624591
17.735 16.623726
17.74 16.622861
17.745 16.621997
17.75 16.621133
17.755 16.620269
17.76 16.619406
17.765 16.618544
17.77 16.617682
17.775 16.616821
17.78 16.61596
17.785 16.615099
17.79 16.614239
17.795 16.613379
17.8 16.61252
17.805 16.611662
17.81 16.610804
17.815 16.609946
17.82 16.609089
17.825 16.608232
17.83 16.607376
17.835 16.60652
17.84 16.605665
17.845 16.60481
17.85 16.603956
17.855 16.603102
17.86 16.602249
17.865 16.601396
17.87 16.600544
17.875 16.599692
17.88 16.598841
17.885 16.59799
17.89 16.597139
17.895 16.596289
17.9 16.59544
17.905 16.594591
17.91 16.593742
17.915 16.592894
17.92 16.592047
17.925 16.5912
17.93 16.590353
17.935 16.589507
17.94 16.588661
17.945 16.587816
17.95 16.586971
17.955 16.586127
17.96 16.585283
17.965 16.58444
17.97 16.583597
17.975 16.582754
17.98 16.581912
17.985 16.581071
17.99 16.58023
17.995 16.579389
18 16.578549
18.005 16.57771
18.01 16.57687
18.015 16.576032
18.02 16.575193
18.025 16.574356
18.03 16.573518
18.035 16.572682
18.04 16.571845
18.045 16.571009
18.05 16.570174
18.055 16.569339
18.06 16.568504
18.065 16.56767
18.07 16.566837
18.075 16.566004
18.08 16.565171
18.085 16.564339
18.09 16.563507
18.095 16.562676
18.1 16.561845
18.105 16.561015
18.11 16.560185
18.115 16.559355
18.12 16.558526
18.125 16.557698
18.13 16.55687
18.135 16.556042
18.14 16.555215
18.145 16.554388
18.15 16.553562
18.155 16.552736
18.16 16.551911
18.165 16.551086
18.17 16.550262
18.175 16.549438
18.18 16.548614
18.185 16.547791
18.19 16.546968
18.195 16.546146
18.2 16.545324
18.205 16.544503
18.21 16.543682
18.215 16.542862
18.22 16.542042
18.225 16.541223
18.23 16.540404
18.235 16.539585
18.24 16.538767
18.245 16.537949
18.25 16.537132
18.255 16.536315
18.26 16.535499
18.265 16.534683
18.27 16.533868
18.275 16.533053
18.28 16.532238
18.285 16.531424
18.29 16.53061
18.295 16.529797
18.3 16.528984
18.305 16.528172
18.31 16.52736
18.315 16.526549
18.32 16.525738
18.325 16.524927
18.33 16.524117
18.335 16.523308
18.34 16.522498
18.345 16.52169
18.35 16.520881
18.355 16.520073
18.36 16.519266
18.365 16.518459
18.37 16.517652
18.375 16.516846
18.38 16.51604
18.385 16.515235
18.39 16.51443
18.395 16.513626
18.4 16.512822
18.405 16.512019
18.41 16.511215
18.415 16.510413
18.42 16.509611
18.425 16.508809
18.43 16.508008
18.435 16.507207
18.44 16.506406
18.445 16.505606
18.45 16.504807
18.455 16.504007
18.46 16.503209
18.465 16.50241
18.47 16.501613
18.475 16.500815
18.48 16.500018
18.485 16.499222
18.49 16.498425
18.495 16.49763
18.5 16.496834
18.505 16.49604
18.51 16.495245
18.515 16.494451
18.52 16.493658
18.525 16.492864
18.53 16.492072
18.535 16.491279
18.54 16.490488
18.545 16.489696
18.55 16.488905
18.555 16.488115
18.56 16.487325
18.565 16.486535
18.57 16.485746
18.575 16.484957
18.58 16.484168
18.585 16.48338
18.59 16.482593
18.595 16.481805
18.6 16.481019
18.605 16.480232
18.61 16.479446
18.615 16.478661
18.62 16.477876
18.625 16.477091
18.63 16.476307
18.635 16.475523
18.64 16.47474
18.645 16.473957
18.65 16.473174
18.655 16.472392
18.66 16.471611
18.665 16.470829
18.67 16.470048
18.675 16.469268
18.68 16.468488
18.685 16.467708
18.69 16.466929
18.695 16.46615
18.7 16.465372
18.705 16.464594
18.71 16.463817
18.715 16.463039
18.72 16.462263
18.725 16.461487
18.73 16.460711
18.735 16.459935
18.74 16.45916
18.745 16.458386
18.75 16.457611
18.755 16.456838
18.76 16.456064
18.765 16.455291
18.77 16.454519
18.775 16.453746
18.78 16.452975
18.785 16.452203
18.79 16.451433
18.795 16.450662
18.8 16.449892
18.805 16.449122
18.81 16.448353
18.815 16.447584
18.82 16.446816
18.825 16.446048
18.83 16.44528
18.835 16.444513
18.84 16.443746
18.845 16.442979
18.85 16.442213
18.855 16.441448
18.86 16.440683
18.865 16.439918
18.87 16.439153
18.875 16.438389
18.88 16.437626
18.885 16.436863
18.89 16.4361
18.895 16.435338
18.9 16.434576
18.905 16.433814
18.91 16.433053
18.915 16.432292
18.92 16.431532
18.925 16.430772
18.93 16.430012
18.935 16.429253
18.94 16.428494
18.945 16.427736
18.95 16.426978
18.955 16.42622
18.96 16.425463
18.965 16.424707
18.97 16.42395
18.975 16.423194
18.98 16.422439
18.985 16.421684
18.99 16.420929
18.995 16.420174
19 16.41942
19.005 16.418667
19.01 16.417914
19.015 16.417161
19.02 16.416409
19.025 16.415657
19.03 16.414905
19.035 16.414154
19.04 16.413403
19.045 16.412653
19.05 16.411903
19.055 16.411153
19.06 16.410404
19.065 16.409655
19.07 16.408906
19.075 16.408158
19.08 16.407411
19.085 16.406663
19.09 16.405917
19.095 16.40517
19.1 16.404424
19.105 16.403678
19.11 16.402933
19.115 16.402188
19.12 16.401444
19.125 16.400699
19.13 16.399956
19.135 16.399212
19.14 16.398469
19.145 16.397727
19.15 16.396985
19.155 16.396243
19.16 16.395501
19.165 16.39476
19.17 16.39402
19.175 16.393279
19.18 16.39254
19.185 16.3918
19.19 16.391061
19.195 16.390322
19.2 16.389584
19.205 16.388846
19.21 16.388108
19.215 16.387371
19.22 16.386634
19.225 16.385898
19.23 16.385162
19.235 16.384426
19.24 16.383691
19.245 16.382956
19.25 16.382222
19.255 16.381487
19.26 16.380754
19.265 16.38002
19.27 16.379287
19.275 16.378555
19.28 16.377823
19.285 16.377091
19.29 16.376359
19.295 16.375628
19.3 16.374897
19.305 16.374167
19.31 16.373437
19.315 16.372708
19.32 16.371978
19.325 16.37125
19.33 16.370521
19.335 16.369793
19.34 16.369065
19.345 16.368338
19.35 16.367611
19.355 16.366885
19.36 16.366158
19.365 16.365433
19.37 16.364707
19.375 16.363982
19.38 16.363257
19.385 16.362533
19.39 16.361809
19.395 16.361086
19.4 16.360362
19.405 16.35964
19.41 16.358917
19.415 16.358195
19.42 16.357473
19.425 16.356752
19.43 16.356031
19.435 16.35531
19.44 16.35459
19.445 16.35387
19.45 16.353151
19.455 16.352432
19.46 16.351713
19.465 16.350995
19.47 16.350277
19.475 16.349559
19.48 16.348842
19.485 16.348125
19.49 16.347408
19.495 16.346692
19.5 16.345976
19.505 16.345261
19.51 16.344546
19.515 16.343831
19.52 16.343117
19.525 16.342403
19.53 16.341689
19.535 16.340976
19.54 16.340263
19.545 16.339551
19.55 16.338839
19.555 16.338127
19.56 16.337416
19.565 16.336704
19.57 16.335994
19.575 16.335283
19.58 16.334574
19.585 16.333864
19.59 16.333155
19.595 16.332446
19.6 16.331737
19.605 16.331029
19.61 16.330321
19.615 16.329614
19.62 16.328907
19.625 16.3282
19.63 16.327494
19.635 16.326788
19.64 16.326082
19.645 16.325377
19.65 16.324672
19.655 16.323968
19.66 16.323263
19.665 16.32256
19.67 16.321856
19.675 16.321153
19.68 16.32045
19.685 16.319748
19.69 16.319046
19.695 16.318344
19.7 16.317643
19.705 16.316942
19.71 16.316241
19.715 16.315541
19.72 16.314841
19.725 16.314141
19.73 16.313442
19.735 16.312743
19.74 16.312045
19.745 16.311347
19.75 16.310649
19.755 16.309952
19.76 16.309254
19.765 16.308558
19.77 16.307861
19.775 16.307165
19.78 16.30647
19.785 16.305774
19.79 16.305079
19.795 16.304385
19.8 16.303691
19.805 16.302997
19.81 16.302303
19.815 16.30161
19.82 16.300917
19.825 16.300224
19.83 16.299532
19.835 16.298841
19.84 16.298149
19.845 16.297458
19.85 16.296767
19.855 16.296077
19.86 16.295387
19.865 16.294697
19.87 16.294008
19.875 16.293319
19.88 16.29263
19.885 16.291941
19.89 16.291254
19.895 16.290566
19.9 16.289879
19.905 16.289192
19.91 16.288505
19.915 16.287819
19.92 16.287133
19.925 16.286447
19.93 16.285762
19.935 16.285077
19.94 16.284393
19.945 16.283708
19.95 16.283024
19.955 16.282341
19.96 16.281658
19.965 16.280975
19.97 16.280292
19.975 16.27961
19.98 16.278929
19.985 16.278247
19.99 16.277566
19.995 16.276885

