0.25 0
0.255 0
0.26 0
0.265 0
0.27 0
0.275 0
0.28 0
0.285 0
0.29 0
0.295 0
0.3 0
0.305 0
0.31 0
0.315 0
0.32 0
0.325 0
0.33 0
0.335 0
0.34 0
0.345 0
0.35 0
0.355 0
0.36 0
0.365 0
0.37 0
0.375 0
0.38 0
0.385 0
0.39 0
0.395 0
0.4 0
0.405 0
0.41 0
0.415 0
0.42 0
0.425 0
0.43 0
0.435 0
0.44 0
0.445 0
0.45 0
0.455 0
0.46 0
0.465 0
0.47 0
0.475 0
0.48 0
0.485 0
0.49 0
0.495 0
0.5 0
0.505 0
0.51 0
0.515 0
0.52 0
0.525 0
0.53 0
0.535 0
0.54 0
0.545 0
0.55 0
0.555 0
0.56 0
0.565 0
0.57 0
0.575 0
0.58 0
0.585 0
0.59 0
0.595 0
0.6 0
0.605 0
0.61 0
0.615 0
0.62 0
0.625 0
0.63 0
0.635 0
0.64 0
0.645 0
0.65 0
0.655 0
0.66 0
0.665 0
0.67 0
0.675 0
0.68 0
0.685 0
0.69 0
0.695 0
0.7 0
0.705 0
0.71 0
0.715 0
0.72 0
0.725 0
0.73 0
0.735 0
0.74 0
0.745 0
0.75 0
0.755 0
0.76 0
0.765 0
0.77 0
0.775 0
0.78 0
0.785 0
0.79 0
0.795 0
0.8 0
0.805 0
0.81 0
0.815 0
0.82 0
0.825 0
0.83 0
0.835 0
0.84 0
0.845 0
0.85 0
0.855 0
0.86 0
0.865 0
0.87 0
0.875 0
0.88 0
0.885 0
0.89 0
0.895 0
0.9 0
0.905 0
0.91 0
0.915 0
0.92 0
0.925 0
0.93 0
0.935 0
0.94 0
0.945 0
0.95 0
0.955 0
0.96 0
0.965 0
0.97 0
0.975 0
0.98 0
0.985 0
0.99 0
0.995 0
1 0
1.005 0
1.01 0
1.015 0
1.02 0
1.025 0
1.03 0
1.035 0
1.04 0
1.045 0
1.05 0
1.055 0
1.06 0
1.065 0
1.07 0
1.075 0
1.08 0
1.085 0
1.09 0
1.095 0
1.1 0
1.105 0
1.11 0
1.115 0
1.12 0
1.125 0
1.13 0
1.135 0
1.14 0
1.145 0
1.15 0
1.155 0
1.16 0
1.165 0
1.17 0
1.175 0
1.18 0
1.185 0
1.19 0
1.195 0
1.2 0
1.205 0
1.21 0
1.215 0
1.22 0
1.225 0
1.23 0
1.235 0
1.24 0
1.245 0
1.25 0
1.255 0
1.26 0
1.265 0
1.27 0
1.275 0
1.28 0
1.285 0
1.29 0
1.295 0
1.3 0
1.305 0
1.31 0
1.315 0
1.32 0
1.325 0
1.33 0
1.335 0
1.34 0
1.345 0
1.35 0
1.355 0
1.36 0
1.365 0
1.37 0
1.375 0
1.38 0
1.385 0
1.39 0
1.395 0
1.4 0
1.405 0
1.41 0
1.415 0
1.42 0
1.425 0
1.43 0
1.435 0
1.44 0
1.445 0
1.45 0
1.455 0
1.46 0
1.465 0
1.47 0
1.475 0
1.48 0
1.485 0
1.49 0
1.495 0
1.5 0
1.505 0
1.51 0
1.515 0
1.52 0
1.525 0
1.53 0
1.535 0
1.54 0
1.545 0
1.55 0
1.555 0
1.56 0
1.565 0
1.57 0
1.575 0
1.58 0
1.585 0
1.59 0
1.595 0
1.6 0
1.605 0
1.61 0
1.615 0
1.62 0
1.625 0
1.63 0
1.635 0
1.64 0
1.645 0
1.65 0
1.655 0
1.66 0
1.665 0
1.67 0
1.675 0
1.68 0
1.685 0
1.69 0
1.695 0
1.7 0
1.705 0
1.71 0
1.715 0
1.72 0
1.725 0
1.73 0
1.735 0
1.74 0
1.745 0
1.75 0
1.755 0
1.76 0
1.765 0
1.77 0
1.775 0
1.78 0
1.785 0
1.79 0
1.795 0
1.8 0
1.805 0
1.81 0
1.815 0
1.82 0
1.825 0
1.83 0
1.835 0
1.84 0
1.845 0
1.85 0
1.855 0
1.86 0
1.865 0
1.87 0
1.875 0
1.88 0
1.885 0
1.89 0
1.895 0
1.9 0
1.905 0
1.91 0
1.915 0
1.92 0
1.925 0
1.93 0
1.935 0
1.94 0
1.945 0
1.95 0
1.955 0
1.96 0
1.965 0
1.97 0
1.975 0
1.98 0
1.985 0
1.99 0
1.995 0
2 0
2.005 0
2.01 0
2.015 0
2.02 0
2.025 0
2.03 0
2.035 0
2.04 0
2.045 0
2.05 0
2.055 0
2.06 0
2.065 0
2.07 0
2.075 0
2.08 0
2.085 0
2.09 0
2.095 0
2.1 0
2.105 0
2.11 0
2.115 0
2.12 0
2.125 0
2.13 0
2.135 0
2.14 0
2.145 0
2.15 0
2.155 0
2.16 0
2.165 0
2.17 0
2.175 0
2.18 0
2.185 0
2.19 0
2.195 0
2.2 0
2.205 0
2.21 0
2.215 0
2.22 0
2.225 0
2.23 0
2.235 0
2.24 0
2.245 0
2.25 0
2.255 0
2.26 0
2.265 0
2.27 0
2.275 0
2.28 0
2.285 0
2.29 0
2.295 0
2.3 0
2.305 0
2.31 0
2.315 0
2.32 0
2.325 0
2.33 0
2.335 0
2.34 0
2.345 0
2.35 0
2.355 0
2.36 0
2.365 0
2.37 0
2.375 0
2.38 0
2.385 0
2.39 0
2.395 0
2.4 0
2.405 0
2.41 0
2.415 0
2.42 0
2.425 0
2.43 0
2.435 0
2.44 0
2.445 0
2.45 0
2.455 0
2.46 0
2.465 0
2.47 0
2.475 0
2.48 0
2.485 0
2.49 0
2.495 0
2.5 0
2.505 0
2.51 0
2.515 0
2.52 0
2.525 0
2.53 0
2.535 0
2.54 0
2.545 0
2.55 0
2.555 0
2.56 0
2.565 0
2.57 0
2.575 0
2.58 0
2.585 0
2.59 0
2.595 0
2.6 0
2.605 0
2.61 0
2.615 0
2.62 0
2.625 0
2.63 0
2.635 0
2.64 0
2.645 0
2.65 0
2.655 0
2.66 0
2.665 0
2.67 0
2.675 0
2.68 0
2.685 0
2.69 0
2.695 0
2.7 0
2.705 0
2.71 0
2.715 0
2.72 0
2.725 0
2.73 0
2.735 0
2.74 0
2.745 0
2.75 0
2.755 0
2.76 0
2.765 0
2.77 0
2.775 0
2.78 0
2.785 0
2.79 0
2.795 0
2.8 0
2.805 0
2.81 0
2.815 0
2.82 0
2.825 0
2.83 0
2.835 0
2.84 0
2.845 0
2.85 0
2.855 0
2.86 0
2.865 0
2.87 0
2.875 0
2.88 0
2.885 0
2.89 0
2.895 0
2.9 0
2.905 0
2.91 0
2.915 0
2.92 0
2.925 0
2.93 0
2.935 0
2.94 0
2.945 0
2.95 0
2.955 0
2.96 0
2.965 0
2.97 0
2.975 0
2.98 0
2.985 0
2.99 0
2.995 0
3 0
3.005 0
3.01 0
3.015 0
3.02 0
3.025 0
3.03 0
3.035 0
3.04 0
3.045 0
3.05 0
3.055 0
3.06 0
3.065 0
3.07 0
3.075 0
3.08 0
3.085 0
3.09 0
3.095 0
3.1 0
3.105 0
3.11 0
3.115 0
3.12 0
3.125 0
3.13 0
3.135 0
3.14 0
3.145 0
3.15 0
3.155 0
3.16 0
3.165 0
3.17 0
3.175 0
3.18 0
3.185 0
3.19 0
3.195 0
3.2 0
3.205 0
3.21 0
3.215 0
3.22 0
3.225 0
3.23 0
3.235 0
3.24 0
3.245 0
3.25 0
3.255 0
3.26 0
3.265 0
3.27 0
3.275 0
3.28 0
3.285 0
3.29 0
3.295 0
3.3 0
3.305 0
3.31 0
3.315 0
3.32 0
3.325 0
3.33 0
3.335 0
3.34 0
3.345 0
3.35 0
3.355 0
3.36 0
3.365 0
3.37 0
3.375 0
3.38 0
3.385 0
3.39 0
3.395 0
3.4 0
3.405 0
3.41 0
3.415 0
3.42 0
3.425 0
3.43 0
3.435 0
3.44 0
3.445 0
3.45 0
3.455 0
3.46 0
3.465 0
3.47 0
3.475 0
3.48 0
3.485 0
3.49 0
3.495 0
3.5 0
3.505 0
3.51 0
3.515 0
3.52 0
3.525 0
3.53 0
3.535 0
3.54 0
3.545 0
3.55 0
3.555 0
3.56 0
3.565 0
3.57 0
3.575 0
3.58 0
3.585 0
3.59 0
3.595 0
3.6 0
3.605 0
3.61 0
3.615 0
3.62 0
3.625 0
3.63 0
3.635 0
3.64 0
3.645 0
3.65 0
3.655 0
3.66 0
3.665 0
3.67 0
3.675 0
3.68 0
3.685 0
3.69 0
3.695 0
3.7 0
3.705 0
3.71 0
3.715 0
3.72 0
3.725 0
3.73 0
3.735 0
3.74 0
3.745 0
3.75 0
3.755 0
3.76 0
3.765 0
3.77 0
3.775 0
3.78 0
3.785 0
3.79 0
3.795 0
3.8 0
3.805 0
3.81 0
3.815 0
3.82 0
3.825 0
3.83 0
3.835 0
3.84 0
3.845 0
3.85 0
3.855 0
3.86 0
3.865 0
3.87 0
3.875 0
3.88 0
3.885 0
3.89 0
3.895 0
3.9 0
3.905 0
3.91 0
3.915 0
3.92 0
3.925 0
3.93 0
3.935 0
3.94 0
3.945 0
3.95 0
3.955 0
3.96 0
3.965 0
3.97 0
3.975 0
3.98 0
3.985 0
3.99 0
3.995 0
4 0
4.005 0
4.01 0
4.015 0
4.02 0
4.025 0
4.03 0
4.035 0
4.04 0
4.045 0
4.05 0
4.055 0
4.06 0
4.065 0
4.07 0
4.075 0
4.08 0
4.085 0
4.09 0
4.095 0
4.1 0
4.105 0
4.11 0
4.115 0
4.12 0
4.125 0
4.13 0
4.135 0
4.14 0
4.145 0
4.15 0
4.155 0
4.16 0
4.165 0
4.17 0
4.175 0
4.18 0
4.185 0
4.19 0
4.195 0
4.2 0
4.205 0
4.21 0
4.215 0
4.22 0
4.225 0
4.23 0
4.235 0
4.24 0
4.245 0
4.25 0
4.255 0
4.26 0
4.265 0
4.27 0
4.275 0
4.28 0
4.285 0
4.29 0
4.295 0
4.3 0
4.305 0
4.31 0
4.315 0
4.32 0
4.325 0
4.33 0
4.335 0
4.34 0
4.345 0
4.35 0
4.355 0
4.36 0
4.365 0
4.37 0
4.375 0
4.38 0
4.385 0
4.39 0
4.395 0
4.4 0
4.405 0
4.41 0
4.415 0
4.42 0
4.425 0
4.43 0
4.435 0
4.44 0
4.445 0
4.45 0
4.455 0
4.46 0
4.465 0
4.47 0
4.475 0
4.48 0
4.485 0
4.49 0
4.495 0
4.5 0
4.505 0
4.51 0
4.515 0
4.52 0
4.525 0
4.53 0
4.535 0
4.54 0
4.545 0
4.55 0
4.555 0
4.56 0
4.565 0
4.57 0
4.575 0
4.58 0
4.585 0
4.59 0
4.595 0
4.6 0
4.605 0
4.61 0
4.615 0
4.62 0
4.625 0
4.63 0
4.635 0
4.64 0
4.645 0
4.65 0
4.655 0
4.66 0
4.665 0
4.67 0
4.675 0
4.68 0
4.685 0
4.69 0
4.695 0
4.7 0
4.705 0
4.71 0
4.715 0
4.72 0
4.725 0
4.73 0
4.735 0
4.74 0
4.745 0
4.75 0
4.755 0
4.76 0
4.765 0
4.77 0
4.775 0
4.78 0
4.785 0
4.79 0
4.795 0
4.8 0
4.805 0
4.81 0
4.815 0
4.82 0
4.825 0
4.83 0
4.835 0
4.84 0
4.845 0
4.85 0
4.855 0
4.86 0
4.865 0
4.87 0
4.875 0
4.88 0
4.885 0
4.89 0
4.895 0
4.9 0
4.905 0
4.91 0
4.915 0
4.92 0
4.925 0
4.93 0
4.935 0
4.94 0
4.945 0
4.95 0
4.955 0
4.96 0
4.965 0
4.97 0
4.975 0
4.98 0
4.985 0
4.99 0
4.995 0
5 0
5.005 0
5.01 0
5.015 0
5.02 0
5.025 0
5.03 0
5.035 0
5.04 0
5.045 0
5.05 0
5.055 0
5.06 0
5.065 0
5.07 0
5.075 0
5.08 0
5.085 0
5.09 0
5.095 0
5.1 0
5.105 0
5.11 0
5.115 0
5.12 0
5.125 0
5.13 0
5.135 0
5.14 0
5.145 0
5.15 0
5.155 0
5.16 0
5.165 0
5.17 0
5.175 0
5.18 0
5.185 0
5.19 0
5.195 0
5.2 0
5.205 0
5.21 0
5.215 0
5.22 0
5.225 0
5.23 0
5.235 0
5.24 0
5.245 0
5.25 0
5.255 0
5.26 0
5.265 0
5.27 0
5.275 0
5.28 0
5.285 0
5.29 0
5.295 0
5.3 0
5.305 0
5.31 0
5.315 0
5.32 0
5.325 0
5.33 0
5.335 0
5.34 0
5.345 0
5.35 0
5.355 0
5.36 0
5.365 0
5.37 0
5.375 0
5.38 0
5.385 0
5.39 0
5.395 0
5.4 0
5.405 0
5.41 0
5.415 0
5.42 0
5.425 0
5.43 0
5.435 0
5.44 0
5.445 0
5.45 0
5.455 0
5.46 0
5.465 0
5.47 0
5.475 0
5.48 0
5.485 0
5.49 0
5.495 0
5.5 0
5.505 0
5.51 0
5.515 0
5.52 0
5.525 0
5.53 0
5.535 0
5.54 0
5.545 0
5.55 0
5.555 0
5.56 0
5.565 0
5.57 0
5.575 0
5.58 0
5.585 0
5.59 0
5.595 0
5.6 0
5.605 0
5.61 0
5.615 0
5.62 0
5.625 0
5.63 0
5.635 0
5.64 0
5.645 0
5.65 0
5.655 0
5.66 0
5.665 0
5.67 0
5.675 0
5.68 0
5.685 0
5.69 0
5.695 0
5.7 0
5.705 0
5.71 0
5.715 0
5.72 0
5.725 0
5.73 0
5.735 0
5.74 0
5.745 0
5.75 0
5.755 0
5.76 0
5.765 0
5.77 0
5.775 0
5.78 0
5.785 0
5.79 0
5.795 0
5.8 0
5.805 0
5.81 0
5.815 0
5.82 0
5.825 0
5.83 0
5.835 0
5.84 0
5.845 0
5.85 0
5.855 0
5.86 0
5.865 0
5.87 0
5.875 0
5.88 0
5.885 0
5.89 0
5.895 0
5.9 0
5.905 0
5.91 0
5.915 0
5.92 0
5.925 0
5.93 0
5.935 0
5.94 0
5.945 0
5.95 0
5.955 0
5.96 0
5.965 0
5.97 0
5.975 0
5.98 0
5.985 0
5.99 0
5.995 0
6 0
6.005 0
6.01 0
6.015 0
6.02 0
6.025 0
6.03 0
6.035 0
6.04 0
6.045 0
6.05 0
6.055 0
6.06 0
6.065 0
6.07 0
6.075 0
6.08 0
6.085 0
6.09 0
6.095 0
6.1 0
6.105 0
6.11 0
6.115 0
6.12 0
6.125 0
6.13 0
6.135 0
6.14 0
6.145 0
6.15 0
6.155 0
6.16 0
6.165 0
6.17 0
6.175 0
6.18 0
6.185 0
6.19 0
6.195 0
6.2 0
6.205 0
6.21 0
6.215 0
6.22 0
6.225 0
6.23 0
6.235 0
6.24 0
6.245 0
6.25 0
6.255 0
6.26 0
6.265 0
6.27 0
6.275 0
6.28 0
6.285 0
6.29 0
6.295 0
6.3 0
6.305 0
6.31 0
6.315 0
6.32 0
6.325 0
6.33 0
6.335 0
6.34 0
6.345 0
6.35 0
6.355 0
6.36 0
6.365 0
6.37 0
6.375 0
6.38 0
6.385 0
6.39 0
6.395 0
6.4 0
6.405 0
6.41 0
6.415 0
6.42 0
6.425 0
6.43 0
6.435 0
6.44 0
6.445 0
6.45 0
6.455 0
6.46 0
6.465 0
6.47 0
6.475 0
6.48 0
6.485 0
6.49 0
6.495 0
6.5 0
6.505 0
6.51 0
6.515 0
6.52 0
6.525 0
6.53 0
6.535 0
6.54 0
6.545 0
6.55 0
6.555 0
6.56 0
6.565 0
6.57 0
6.575 0
6.58 0
6.585 0
6.59 0
6.595 0
6.6 0
6.605 0
6.61 0
6.615 0
6.62 0
6.625 0
6.63 0
6.635 0
6.64 0
6.645 0
6.65 0
6.655 0
6.66 0
6.665 0
6.67 0
6.675 0
6.68 0
6.685 0
6.69 0
6.695 0
6.7 0
6.705 0
6.71 0
6.715 0
6.72 0
6.725 0
6.73 0
6.735 0
6.74 0
6.745 0
6.75 0
6.755 0
6.76 0
6.765 0
6.77 0
6.775 0
6.78 0
6.785 0
6.79 0
6.795 0
6.8 0
6.805 0
6.81 0
6.815 0
6.82 0
6.825 0
6.83 0
6.835 0
6.84 0
6.845 0
6.85 0
6.855 0
6.86 0
6.865 0
6.87 0
6.875 0
6.88 0
6.885 0
6.89 0
6.895 0
6.9 0
6.905 0
6.91 0
6.915 0
6.92 0
6.925 0
6.93 0
6.935 0
6.94 0
6.945 0
6.95 0
6.955 0
6.96 0
6.965 0
6.97 0
6.975 0
6.98 0
6.985 0
6.99 0
6.995 0
7 0
7.005 0
7.01 0
7.015 0
7.02 0
7.025 0
7.03 0
7.035 0
7.04 0
7.045 0
7.05 0
7.055 0
7.06 0
7.065 0
7.07 0
7.075 0
7.08 0
7.085 0
7.09 0
7.095 0
7.1 0
7.105 0
7.11 0
7.115 0
7.12 0
7.125 0
7.13 0
7.135 0
7.14 0
7.145 0
7.15 0
7.155 0
7.16 0
7.165 0
7.17 0
7.175 0
7.18 0
7.185 0
7.19 0
7.195 0
7.2 0
7.205 0
7.21 0
7.215 0
7.22 0
7.225 0
7.23 0
7.235 0
7.24 0
7.245 0
7.25 0
7.255 0
7.26 0
7.265 0
7.27 0
7.275 0
7.28 0
7.285 0
7.29 0
7.295 0
7.3 0
7.305 0
7.31 0
7.315 0
7.32 0
7.325 0
7.33 0
7.335 0
7.34 0
7.345 0
7.35 0
7.355 0
7.36 0
7.365 0
7.37 0
7.375 0
7.38 0
7.385 0
7.39 0
7.395 0
7.4 0
7.405 0
7.41 0
7.415 0
7.42 0
7.425 0
7.43 0
7.435 0
7.44 0
7.445 0
7.45 0
7.455 0
7.46 0
7.465 0
7.47 0
7.475 0
7.48 0
7.485 0
7.49 0
7.495 0
7.5 0
7.505 0
7.51 0
7.515 0
7.52 0
7.525 0
7.53 0
7.535 0
7.54 0
7.545 0
7.55 0
7.555 0
7.56 0
7.565 0
7.57 0
7.575 0
7.58 0
7.585 0
7.59 0
7.595 0
7.6 0
7.605 0
7.61 0
7.615 0
7.62 0
7.625 0
7.63 0
7.635 0
7.64 0
7.645 0
7.65 0
7.655 0
7.66 0
7.665 0
7.67 0
7.675 0
7.68 0
7.685 0
7.69 0
7.695 0
7.7 0
7.705 0
7.71 0
7.715 0
7.72 0
7.725 0
7.73 0
7.735 0
7.74 0
7.745 0
7.75 0
7.755 0
7.76 0
7.765 0
7.77 0
7.775 0
7.78 0
7.785 0
7.79 0
7.795 0
7.8 0
7.805 0
7.81 0
7.815 0
7.82 0
7.825 0
7.83 0
7.835 0
7.84 0
7.845 0
7.85 0
7.855 0
7.86 0
7.865 0
7.87 0
7.875 0
7.88 0
7.885 0
7.89 0
7.895 0
7.9 0
7.905 0
7.91 0
7.915 0
7.92 0
7.925 0
7.93 0
7.935 0
7.94 0
7.945 0
7.95 0
7.955 0
7.96 0
7.965 0
7.97 0
7.975 0
7.98 0
7.985 0
7.99 0
7.995 0
8 0
8.005 0
8.01 0
8.015 0
8.02 0
8.025 0
8.03 0
8.035 0
8.04 0
8.045 0
8.05 0
8.055 0
8.06 0
8.065 0
8.07 0
8.075 0
8.08 0
8.085 0
8.09 0
8.095 0
8.1 0
8.105 0
8.11 0
8.115 0
8.12 0
8.125 0
8.13 0
8.135 0
8.14 0
8.145 0
8.15 0
8.155 0
8.16 0
8.165 0
8.17 0
8.175 0
8.18 0
8.185 0
8.19 0
8.195 0
8.2 0
8.205 0
8.21 0
8.215 0
8.22 0
8.225 0
8.23 0
8.235 0
8.24 0
8.245 0
8.25 0
8.255 0
8.26 0
8.265 0
8.27 0
8.275 0
8.28 0
8.285 0
8.29 0
8.295 0
8.3 0
8.305 0
8.31 0
8.315 0
8.32 0
8.325 0
8.33 0
8.335 0
8.34 0
8.345 0
8.35 0
8.355 0
8.36 0
8.365 0
8.37 0
8.375 0
8.38 0
8.385 0
8.39 0
8.395 0
8.4 0
8.405 0
8.41 0
8.415 0
8.42 0
8.425 0
8.43 0
8.435 0
8.44 0
8.445 0
8.45 0
8.455 0
8.46 0
8.465 0
8.47 0
8.475 0
8.48 0
8.485 0
8.49 0
8.495 0
8.5 0
8.505 0
8.51 0
8.515 0
8.52 0
8.525 0
8.53 0
8.535 0
8.54 0
8.545 0
8.55 0
8.555 0
8.56 0
8.565 0
8.57 0
8.575 0
8.58 0
8.585 0
8.59 0
8.595 0
8.6 0
8.605 0
8.61 0
8.615 0
8.62 0
8.625 0
8.63 0
8.635 0
8.64 0
8.645 0
8.65 0
8.655 0
8.66 0
8.665 0
8.67 0
8.675 0
8.68 0
8.685 0
8.69 0
8.695 0
8.7 0
8.705 0
8.71 0
8.715 0
8.72 0
8.725 0
8.73 0
8.735 0
8.74 0
8.745 0
8.75 0
8.755 0
8.76 0
8.765 0
8.77 0
8.775 0
8.78 0
8.785 0
8.79 0
8.795 0
8.8 0
8.805 0
8.81 0
8.815 0
8.82 0
8.825 0
8.83 0
8.835 0
8.84 0
8.845 0
8.85 0
8.855 0
8.86 0
8.865 0
8.87 0
8.875 0
8.88 0
8.885 0
8.89 0
8.895 0
8.9 0
8.905 0
8.91 0
8.915 0
8.92 0
8.925 0
8.93 0
8.935 0
8.94 0
8.945 0
8.95 0
8.955 0
8.96 0
8.965 0
8.97 0
8.975 0
8.98 0
8.985 0
8.99 0
8.995 0
9 0
9.005 0
9.01 0
9.015 0
9.02 0
9.025 0
9.03 0
9.035 0
9.04 0
9.045 0
9.05 0
9.055 0
9.06 0
9.065 0
9.07 0
9.075 0
9.08 0
9.085 0
9.09 0
9.095 0
9.1 0
9.105 0
9.11 0
9.115 0
9.12 0
9.125 0
9.13 0
9.135 0
9.14 0
9.145 0
9.15 0
9.155 0
9.16 0
9.165 0
9.17 0
9.175 0
9.18 0
9.185 0
9.19 0
9.195 0
9.2 0
9.205 0
9.21 0
9.215 0
9.22 0
9.225 0
9.23 0
9.235 0
9.24 0
9.245 0
9.25 0
9.255 0
9.26 0
9.265 0
9.27 0
9.275 0
9.28 0
9.285 0
9.29 0
9.295 0
9.3 0
9.305 0
9.31 0
9.315 0
9.32 0
9.325 0
9.33 0
9.335 0
9.34 0
9.345 0
9.35 0
9.355 0
9.36 0
9.365 0
9.37 0
9.375 0
9.38 0
9.385 0
9.39 0
9.395 0
9.4 0
9.405 0
9.41 0
9.415 0
9.42 0
9.425 0
9.43 0
9.435 0
9.44 0
9.445 0
9.45 0
9.455 0
9.46 0
9.465 0
9.47 0
9.475 0
9.48 0
9.485 0
9.49 0
9.495 0
9.5 0
9.505 0
9.51 0
9.515 0
9.52 0
9.525 0
9.53 0
9.535 0
9.54 0
9.545 0
9.55 0
9.555 0
9.56 0
9.565 0
9.57 0
9.575 0
9.58 0
9.585 0
9.59 0
9.595 0
9.6 0
9.605 0
9.61 0
9.615 0
9.62 0
9.625 0
9.63 0
9.635 0
9.64 0
9.645 0
9.65 0
9.655 0
9.66 0
9.665 0
9.67 0
9.675 0
9.68 0
9.685 0
9.69 0
9.695 0
9.7 0
9.705 0
9.71 0
9.715 0
9.72 0
9.725 0
9.73 0
9.735 0
9.74 0
9.745 0
9.75 0
9.755 0
9.76 0
9.765 0
9.77 0
9.775 0
9.78 0
9.785 0
9.79 0
9.795 0
9.8 0
9.805 0
9.81 0
9.815 0
9.82 0
9.825 0
9.83 0
9.835 0
9.84 0
9.845 0
9.85 0
9.855 0
9.86 0
9.865 0
9.87 0
9.875 0
9.88 0
9.885 0
9.89 0
9.895 0
9.9 0
9.905 0
9.91 0
9.915 0
9.92 0
9.925 0
9.93 0
9.935 0
9.94 0
9.945 0
9.95 0
9.955 0
9.96 0
9.965 0
9.97 0
9.975 0
9.98 0
9.985 0
9.99 0
9.995 0
10 0
10.005 0
10.01 0
10.015 0
10.02 0
10.025 0
10.03 0
10.035 0
10.04 0
10.045 0
10.05 0
10.055 0
10.06 0
10.065 0
10.07 0
10.075 0
10.08 0
10.085 0
10.09 0
10.095 0
10.1 0
10.105 0
10.11 0
10.115 0
10.12 0
10.125 0
10.13 0
10.135 0
10.14 0
10.145 0
10.15 0
10.155 0
10.16 0
10.165 0
10.17 0
10.175 0
10.18 0
10.185 0
10.19 0
10.195 0
10.2 0
10.205 0
10.21 0
10.215 0
10.22 0
10.225 0
10.23 0
10.235 0
10.24 0
10.245 0
10.25 0
10.255 0
10.26 0
10.265 0
10.27 0
10.275 0
10.28 0
10.285 0
10.29 0
10.295 0
10.3 0
10.305 0
10.31 0
10.315 0
10.32 0
10.325 0
10.33 0
10.335 0
10.34 0
10.345 0
10.35 0
10.355 0
10.36 0
10.365 0
10.37 0
10.375 0
10.38 0
10.385 0
10.39 0
10.395 0
10.4 0
10.405 0
10.41 0
10.415 0
10.42 0
10.425 0
10.43 0
10.435 0
10.44 0
10.445 0
10.45 0
10.455 0
10.46 0
10.465 0
10.47 0
10.475 0
10.48 0
10.485 0
10.49 0
10.495 0
10.5 0
10.505 0
10.51 0
10.515 0
10.52 0
10.525 0
10.53 0
10.535 0
10.54 0
10.545 0
10.55 0
10.555 0
10.56 0
10.565 0
10.57 0
10.575 0
10.58 0
10.585 0
10.59 0
10.595 0
10.6 0
10.605 0
10.61 0
10.615 0
10.62 0
10.625 0
10.63 0
10.635 0
10.64 0
10.645 0
10.65 0
10.655 0
10.66 0
10.665 0
10.67 0
10.675 0
10.68 0
10.685 0
10.69 0
10.695 0
10.7 0
10.705 0
10.71 0
10.715 0
10.72 0
10.725 0
10.73 0
10.735 0
10.74 0
10.745 0
10.75 0
10.755 0
10.76 0
10.765 0
10.77 0
10.775 0
10.78 0
10.785 0
10.79 0
10.795 0
10.8 0
10.805 0
10.81 0
10.815 0
10.82 0
10.825 0
10.83 0
10.835 0
10.84 0
10.845 0
10.85 0
10.855 0
10.86 0
10.865 0
10.87 0
10.875 0
10.88 0
10.885 0
10.89 0
10.895 0
10.9 0
10.905 0
10.91 0
10.915 0
10.92 0
10.925 0
10.93 0
10.935 0
10.94 0
10.945 0
10.95 0
10.955 0
10.96 0
10.965 0
10.97 0
10.975 0
10.98 0
10.985 0
10.99 0
10.995 0
11 0
11.005 0
11.01 0
11.015 0
11.02 0
11.025 0
11.03 0
11.035 0
11.04 0
11.045 0
11.05 0
11.055 0
11.06 0
11.065 0
11.07 0
11.075 0
11.08 0
11.085 0
11.09 0
11.095 0
11.1 0
11.105 0
11.11 0
11.115 0
11.12 0
11.125 0
11.13 0
11.135 0
11.14 0
11.145 0
11.15 0
11.155 0
11.16 0
11.165 0
11.17 0
11.175 0
11.18 0
11.185 0
11.19 0
11.195 0
11.2 0
11.205 0
11.21 0
11.215 0
11.22 0
11.225 0
11.23 0
11.235 0
11.24 0
11.245 0
11.25 0
11.255 0
11.26 0
11.265 0
11.27 0
11.275 0
11.28 0
11.285 0
11.29 0
11.295 0
11.3 0
11.305 0
11.31 0
11.315 0
11.32 0
11.325 0
11.33 0
11.335 0
11.34 0
11.345 0
11.35 0
11.355 0
11.36 0
11.365 0
11.37 0
11.375 0
11.38 0
11.385 0
11.39 0
11.395 0
11.4 0
11.405 0
11.41 0
11.415 0
11.42 0
11.425 0
11.43 0
11.435 0
11.44 0
11.445 0
11.45 0
11.455 0
11.46 0
11.465 0
11.47 0
11.475 0
11.48 0
11.485 0
11.49 0
11.495 0
11.5 0
11.505 0
11.51 0
11.515 0
11.52 0
11.525 0
11.53 0
11.535 0
11.54 0
11.545 0
11.55 0
11.555 0
11.56 0
11.565 0
11.57 0
11.575 0
11.58 0
11.585 0
11.59 0
11.595 0
11.6 0
11.605 0
11.61 0
11.615 0
11.62 0
11.625 0
11.63 0
11.635 0
11.64 0
11.645 0
11.65 0
11.655 0
11.66 0
11.665 0
11.67 0
11.675 0
11.68 0
11.685 0
11.69 0
11.695 0
11.7 0
11.705 0
11.71 0
11.715 0
11.72 0
11.725 0
11.73 0
11.735 0
11.74 0
11.745 0
11.75 0
11.755 0
11.76 0
11.765 0
11.77 0
11.775 0
11.78 0
11.785 0
11.79 0
11.795 0
11.8 0
11.805 0
11.81 0
11.815 0
11.82 0
11.825 0
11.83 0
11.835 0
11.84 0
11.845 0
11.85 0
11.855 0
11.86 0
11.865 0
11.87 0
11.875 0
11.88 0
11.885 0
11.89 0
11.895 0
11.9 0
11.905 0
11.91 0
11.915 0
11.92 0
11.925 0
11.93 0
11.935 0
11.94 0
11.945 0
11.95 0
11.955 0
11.96 0
11.965 0
11.97 0
11.975 0
11.98 0
11.985 0
11.99 0
11.995 0
12 0
12.005 0
12.01 0
12.015 0
12.02 0
12.025 0
12.03 0
12.035 0
12.04 0
12.045 0
12.05 0
12.055 0
12.06 0
12.065 0
12.07 0
12.075 0
12.08 0
12.085 0
12.09 0
12.095 0
12.1 0
12.105 0
12.11 0
12.115 0
12.12 0
12.125 0
12.13 0
12.135 0
12.14 0
12.145 0
12.15 0
12.155 0
12.16 0
12.165 0
12.17 0
12.175 0
12.18 0
12.185 0
12.19 0
12.195 0
12.2 0
12.205 0
12.21 0
12.215 0
12.22 0
12.225 0
12.23 0
12.235 0
12.24 0
12.245 0
12.25 0
12.255 0
12.26 0
12.265 0
12.27 0
12.275 0
12.28 0
12.285 0
12.29 0
12.295 0
12.3 0
12.305 0
12.31 0
12.315 0
12.32 0
12.325 0
12.33 0
12.335 0
12.34 0
12.345 0
12.35 0
12.355 0
12.36 0
12.365 0
12.37 0
12.375 0
12.38 0
12.385 0
12.39 0
12.395 0
12.4 0
12.405 0
12.41 0
12.415 0
12.42 0
12.425 0
12.43 0
12.435 0
12.44 0
12.445 0
12.45 0
12.455 0
12.46 0
12.465 0
12.47 0
12.475 0
12.48 0
12.485 0
12.49 0
12.495 0
12.5 0
12.505 0
12.51 0
12.515 0
12.52 0
12.525 0
12.53 0
12.535 0
12.54 0
12.545 0
12.55 0
12.555 0
12.56 0
12.565 0
12.57 0
12.575 0
12.58 0
12.585 0
12.59 0
12.595 0
12.6 0
12.605 0
12.61 0
12.615 0
12.62 0
12.625 0
12.63 0
12.635 0.00027205851
12.64 0.00052239053
12.645 0.00085855926
12.65 0.0011635801
12.655 0.0015638839
12.66 0.0019206148
12.665 0.0023831973
12.67 0.0027853052
12.675 0.0033068631
12.68 0.0037440769
12.685 0.0043154663
12.69 0.0047659235
12.695 0.005359484
12.7 0.0057758277
12.705 0.0063240673
12.71 0.0065977026
12.715 0.0069135552
12.72 0.0067874343
12.725 0.00634687
12.73 0.0052302557
12.735 0.0027439774
12.74 4.7497926e-19
12.745 3.8117132e-19
12.75 2.8797569e-19
12.755 2.2723321e-19
12.76 1.664295e-19
12.765 2.052508e-19
12.77 2.4407211e-19
12.775 3.2808288e-19
12.78 4.2195205e-19
12.785 5.2029119e-19
12.79 6.1869156e-19
12.795 7.1941876e-19
12.8 8.2045212e-19
12.805 9.2234274e-19
12.81 1.0242334e-18
12.815 1.1264914e-18
12.82 1.2288106e-18
12.825 1.3310074e-18
12.83 1.4336328e-18
12.835 1.5360745e-18
12.84 1.6385774e-18
12.845 1.7408967e-18
12.85 1.8433996e-18
12.855 1.9457801e-18
12.86 2.0480993e-18
12.865 2.1503573e-18
12.87 2.2526153e-18
12.875 2.3547509e-18
12.88 2.4568864e-18
12.885 2.5589607e-18
12.89 2.6609126e-18
12.895 2.7628032e-18
12.9 2.8646938e-18
12.905 2.9664619e-18
12.91 3.0682301e-18
12.915 3.1698145e-18
12.92 3.2713378e-18
12.925 3.3727997e-18
12.93 3.474323e-18
12.935 3.5756013e-18
12.94 3.6769408e-18
12.945 3.7780354e-18
12.95 3.8791912e-18
12.955 3.9802246e-18
12.96 4.0812579e-18
12.965 4.1821076e-18
12.97 4.2829573e-18
12.975 4.3836232e-18
12.98 4.4843504e-18
12.985 4.5848939e-18
12.99 4.6854374e-18
12.995 4.7857972e-18
13 4.8862183e-18
13.005 4.9864556e-18
13.01 5.0866929e-18
13.015 5.1867466e-18
13.02 5.2868615e-18
13.025 5.3867926e-18
13.03 5.4867238e-18
13.035 5.5865325e-18
13.04 5.68628e-18
13.045 5.785905e-18
13.05 5.8855301e-18
13.055 5.9849714e-18
13.06 6.0844739e-18
13.065 6.1837315e-18
13.07 6.2830504e-18
13.075 6.3821856e-18
13.08 6.481382e-18
13.085 6.5803946e-18
13.09 6.6793461e-18
13.095 6.7782363e-18
13.1 6.8770653e-18
13.105 6.9757719e-18
13.11 7.0744784e-18
13.115 7.1730012e-18
13.12 7.2715241e-18
13.125 7.3699857e-18
13.13 7.4683248e-18
13.135 7.5665415e-18
13.14 7.6648194e-18
13.145 7.7628524e-18
13.15 7.8609466e-18
13.155 7.9589183e-18
13.16 8.0568901e-18
13.165 8.1546169e-18
13.17 8.2524049e-18
13.175 8.3500093e-18
13.18 8.4476749e-18
13.185 8.5450955e-18
13.19 8.6426386e-18
13.195 8.7399368e-18
13.2 8.837235e-18
13.205 8.9344107e-18
13.21 9.0316477e-18
13.215 9.1286397e-18
13.22 9.225693e-18
13.225 9.3225013e-18
13.23 9.4194321e-18
13.235 9.5161792e-18
13.24 9.6128038e-18
13.245 9.7094285e-18
13.25 9.8059919e-18
13.255 9.9024328e-18
13.26 9.9988125e-18
13.265 1.0095131e-17
13.27 1.0191388e-17
13.275 1.0287523e-17
13.28 1.0383658e-17
13.285 1.0479609e-17
13.29 1.0575621e-17
13.295 1.067145e-17
13.3 1.0767278e-17
13.305 1.0862985e-17
13.31 1.0958629e-17
13.315 1.1054152e-17
13.32 1.1149674e-17
13.325 1.1245136e-17
13.33 1.1340474e-17
13.335 1.1435752e-17
13.34 1.1531029e-17
13.345 1.1626062e-17
13.35 1.1721217e-17
13.355 1.1816127e-17
13.36 1.1911098e-17
13.365 1.2005886e-17
13.37 1.2100735e-17
13.375 1.2195339e-17
13.38 1.2290004e-17
13.385 1.2384547e-17
13.39 1.2479028e-17
13.395 1.2573387e-17
13.4 1.2667746e-17
13.405 1.2761983e-17
13.41 1.285622e-17
13.415 1.2950334e-17
13.42 1.3044387e-17
13.425 1.3138317e-17
13.43 1.3232309e-17
13.435 1.3326055e-17
13.44 1.3419863e-17
13.445 1.3513488e-17
13.45 1.3607173e-17
13.455 1.3700675e-17
13.46 1.3794177e-17
13.465 1.3887495e-17
13.47 1.3980935e-17
13.475 1.4074131e-17
13.48 1.4167326e-17
13.485 1.4260461e-17
13.49 1.4353534e-17
13.495 1.4446485e-17
13.5 1.4539435e-17
13.505 1.4632202e-17
13.51 1.4725031e-17
13.515 1.4817675e-17
13.52 1.491032e-17
13.525 1.5002842e-17
13.53 1.5095364e-17
13.535 1.5187763e-17
13.54 1.5280163e-17
13.545 1.5372318e-17
13.55 1.5464595e-17
13.555 1.5556688e-17
13.56 1.5648843e-17
13.565 1.5740753e-17
13.57 1.5832724e-17
13.575 1.5924572e-17
13.58 1.6016359e-17
13.585 1.6108024e-17
13.59 1.619975e-17
13.595 1.6291293e-17
13.6 1.6382835e-17
13.605 1.6474255e-17
13.61 1.6565675e-17
13.615 1.6656911e-17
13.62 1.6748208e-17
13.625 1.6839322e-17
13.63 1.6930436e-17
13.635 1.7021427e-17
13.64 1.711248e-17
13.645 1.7203287e-17
13.65 1.7294156e-17
13.655 1.7384902e-17
13.66 1.7475587e-17
13.665 1.756615e-17
13.67 1.7656774e-17
13.675 1.7747275e-17
13.68 1.7837654e-17
13.685 1.7928033e-17
13.69 1.801829e-17
13.695 1.8108485e-17
13.7 1.819868e-17
13.705 1.8288692e-17
13.71 1.8378764e-17
13.715 1.8468653e-17
13.72 1.8558543e-17
13.725 1.864837e-17
13.73 1.8738137e-17
13.735 1.8827781e-17
13.74 1.8917425e-17
13.745 1.9006886e-17
13.75 1.9096469e-17
13.755 1.9185868e-17
13.76 1.9275206e-17
13.765 1.9364483e-17
13.77 1.9453637e-17
13.775 1.9542852e-17
13.78 1.9631884e-17
13.785 1.9720916e-17
13.79 1.9809887e-17
13.795 1.9898735e-17
13.8 1.9987522e-17
13.805 2.0076309e-17
13.81 2.0165034e-17
13.815 2.0253576e-17
13.82 2.0342179e-17
13.825 2.043066e-17
13.83 2.051908e-17
13.835 2.0607377e-17
13.84 2.0695735e-17
13.845 2.0783848e-17
13.85 2.0872084e-17
13.855 2.0960136e-17
13.86 2.1048249e-17
13.865 2.1136118e-17
13.87 2.1224048e-17
13.875 2.1311855e-17
13.88 2.1399662e-17
13.885 2.1487347e-17
13.89 2.1575031e-17
13.895 2.1662532e-17
13.9 2.1750095e-17
13.905 2.1837534e-17
13.91 2.1924913e-17
13.915 2.201223e-17
13.92 2.2099486e-17
13.925 2.2186681e-17
13.93 2.2273815e-17
13.935 2.2360826e-17
13.94 2.2447837e-17
13.945 2.2534787e-17
13.95 2.2621676e-17
13.955 2.2708442e-17
13.96 2.2795208e-17
13.965 2.2881913e-17
13.97 2.2968557e-17
13.975 2.3055017e-17
13.98 2.3141538e-17
13.985 2.3227998e-17
13.99 2.3314397e-17
13.995 2.3400612e-17
14 2.348695e-17
14.005 2.357292e-17
14.01 2.3659013e-17
14.015 2.3745044e-17
14.02 2.3831076e-17
14.025 2.3917107e-17
14.03 2.4002832e-17
14.035 2.4088558e-17
14.04 2.4174283e-17
14.045 2.4260008e-17
14.05 2.4345733e-17
14.055 2.4431153e-17
14.06 2.4516572e-17
14.065 2.4601991e-17
14.07 2.468741e-17
14.075 2.4772829e-17
14.08 2.4857942e-17
14.085 2.4943116e-17
14.09 2.5028229e-17
14.095 2.5113342e-17
14.1 2.5198394e-17
14.105 2.5283201e-17
14.11 2.5368069e-17
14.115 2.5452814e-17
14.12 2.5537621e-17
14.125 2.5622489e-17
14.13 2.5706928e-17
14.135 2.579149e-17
14.14 2.587593e-17
14.145 2.596043e-17
14.15 2.6044931e-17
14.155 2.6129125e-17
14.16 2.621332e-17
14.165 2.6297576e-17
14.17 2.6381709e-17
14.175 2.6465903e-17
14.18 2.6549792e-17
14.185 2.663368e-17
14.19 2.6717568e-17
14.195 2.6801456e-17
14.2 2.6885406e-17
14.205 2.6968927e-17
14.21 2.7052509e-17
14.215 2.7136152e-17
14.22 2.7219735e-17
14.225 2.7303317e-17
14.23 2.7386593e-17
14.235 2.7469869e-17
14.24 2.7553145e-17
14.245 2.7636482e-17
14.25 2.7719697e-17
14.255 2.7802728e-17
14.26 2.7885697e-17
14.265 2.7968729e-17
14.27 2.805176e-17
14.275 2.8134729e-17
14.28 2.8217393e-17
14.285 2.8300118e-17
14.29 2.8382782e-17
14.295 2.8465507e-17
14.3 2.8548231e-17
14.305 2.8630589e-17
14.31 2.8713008e-17
14.315 2.8795365e-17
14.32 2.8877845e-17
14.325 2.8960203e-17
14.33 2.9042315e-17
14.335 2.9124428e-17
14.34 2.920654e-17
14.345 2.9288653e-17
14.35 2.9370765e-17
14.355 2.9452572e-17
14.36 2.9534317e-17
14.365 2.9616185e-17
14.37 2.9697991e-17
14.375 2.9779797e-17
14.38 2.9861359e-17
14.385 2.9942859e-17
14.39 3.0024421e-17
14.395 3.0105921e-17
14.4 3.0187421e-17
14.405 3.0268676e-17
14.41 3.0349932e-17
14.415 3.0431187e-17
14.42 3.0512381e-17
14.425 3.0593575e-17
14.43 3.0674586e-17
14.435 3.0755535e-17
14.44 3.0836423e-17
14.445 3.0917433e-17
14.45 3.0998382e-17
14.455 3.1079025e-17
14.46 3.1159668e-17
14.465 3.1240372e-17
14.47 3.1321077e-17
14.475 3.140172e-17
14.48 3.1482056e-17
14.485 3.1562455e-17
14.49 3.1642853e-17
14.495 3.1723251e-17
14.5 3.1803588e-17
14.505 3.1883741e-17
14.51 3.1963833e-17
14.515 3.2043863e-17
14.52 3.2124016e-17
14.525 3.2204108e-17
14.53 3.2283955e-17
14.535 3.2363741e-17
14.54 3.2443527e-17
14.545 3.2523374e-17
14.55 3.2603221e-17
14.555 3.2682761e-17
14.56 3.2762302e-17
14.565 3.2841782e-17
14.57 3.2921384e-17
14.575 3.3000863e-17
14.58 3.3080098e-17
14.585 3.3159394e-17
14.59 3.323869e-17
14.595 3.3317986e-17
14.6 3.339722e-17
14.605 3.3476149e-17
14.61 3.3555139e-17
14.615 3.363419e-17
14.62 3.3713179e-17
14.625 3.3792108e-17
14.63 3.3870853e-17
14.635 3.3949536e-17
14.64 3.402822e-17
14.645 3.4106964e-17
14.65 3.4185648e-17
14.655 3.4264087e-17
14.66 3.4342525e-17
14.665 3.4420964e-17
14.67 3.4499403e-17
14.675 3.4577841e-17
14.68 3.4655974e-17
14.685 3.4734167e-17
14.69 3.4812361e-17
14.695 3.4890555e-17
14.7 3.4968687e-17
14.705 3.5046575e-17
14.71 3.5124462e-17
14.715 3.520235e-17
14.72 3.5280237e-17
14.725 3.5358186e-17
14.73 3.5435767e-17
14.735 3.551341e-17
14.74 3.5591053e-17
14.745 3.5668634e-17
14.75 3.5746277e-17
14.755 3.5823613e-17
14.76 3.5901011e-17
14.765 3.5978347e-17
14.77 3.6055684e-17
14.775 3.6133081e-17
14.78 3.6210173e-17
14.785 3.6287264e-17
14.79 3.6364295e-17
14.795 3.6441386e-17
14.8 3.6518478e-17
14.805 3.6595386e-17
14.81 3.6672171e-17
14.815 3.6749017e-17
14.82 3.6825864e-17
14.825 3.6902649e-17
14.83 3.6979251e-17
14.835 3.7055791e-17
14.84 3.7132393e-17
14.845 3.7208934e-17
14.85 3.7285474e-17
14.855 3.7361769e-17
14.86 3.7438065e-17
14.865 3.7514422e-17
14.87 3.7590717e-17
14.875 3.7667013e-17
14.88 3.7743063e-17
14.885 3.7819114e-17
14.89 3.7895164e-17
14.895 3.7971154e-17
14.9 3.8047204e-17
14.905 3.8123071e-17
14.91 3.8198816e-17
14.915 3.8274621e-17
14.92 3.8350366e-17
14.925 3.8426171e-17
14.93 3.8501671e-17
14.935 3.8577231e-17
14.94 3.8652731e-17
14.945 3.8728292e-17
14.95 3.8803791e-17
14.955 3.8879107e-17
14.96 3.8954361e-17
14.965 3.9029677e-17
14.97 3.9104932e-17
14.975 3.9180248e-17
14.98 3.9255257e-17
14.985 3.9330328e-17
14.99 3.9405399e-17
14.995 3.9480408e-17
15 3.9555479e-17
15.005 3.9628897e-17
15.01 3.9702866e-17
15.015 3.9776773e-17
15.02 3.985068e-17
15.025 3.9924527e-17
15.03 3.9998312e-17
15.035 4.0072035e-17
15.04 4.0145698e-17
15.045 4.021936e-17
15.05 4.0292962e-17
15.055 4.0366502e-17
15.06 4.043998e-17
15.065 4.0513398e-17
15.07 4.0586816e-17
15.075 4.0660111e-17
15.08 4.0733406e-17
15.085 4.0806701e-17
15.09 4.0879874e-17
15.095 4.0953046e-17
15.1 4.1026096e-17
15.105 4.1099147e-17
15.11 4.1172197e-17
15.115 4.1245124e-17
15.12 4.1318052e-17
15.125 4.1390919e-17
15.13 4.1463724e-17
15.135 4.1536468e-17
15.14 4.1609151e-17
15.145 4.1681834e-17
15.15 4.1754455e-17
15.155 4.1827015e-17
15.16 4.1899576e-17
15.165 4.1972014e-17
15.17 4.2044451e-17
15.175 4.2116828e-17
15.18 4.2189143e-17
15.185 4.2261459e-17
15.19 4.2333713e-17
15.195 4.2405845e-17
15.2 4.2478038e-17
15.205 4.2550108e-17
15.21 4.2622179e-17
15.215 4.2694127e-17
15.22 4.2766075e-17
15.225 4.2838023e-17
15.23 4.2909848e-17
15.235 4.2981674e-17
15.24 4.3053438e-17
15.245 4.3125141e-17
15.25 4.3196844e-17
15.255 4.3268425e-17
15.26 4.3340005e-17
15.265 4.3411525e-17
15.27 4.3483044e-17
15.275 4.3554441e-17
15.28 4.3625838e-17
15.285 4.3697174e-17
15.29 4.3768448e-17
15.295 4.3839722e-17
15.3 4.3910936e-17
15.305 4.3982088e-17
15.31 4.4053178e-17
15.315 4.4124269e-17
15.32 4.4195237e-17
15.325 4.4266206e-17
15.33 4.4337174e-17
15.335 4.440802e-17
15.34 4.4478866e-17
15.345 4.454965e-17
15.35 4.4620374e-17
15.355 4.4691097e-17
15.36 4.4761698e-17
15.365 4.4832299e-17
15.37 4.49029e-17
15.375 4.4973378e-17
15.38 4.5043856e-17
15.385 4.5114274e-17
15.39 4.518463e-17
15.395 4.5254924e-17
15.4 4.5325219e-17
15.405 4.5395452e-17
15.41 4.5465625e-17
15.415 4.5535797e-17
15.42 4.5605908e-17
15.425 4.5675958e-17
15.43 4.5745946e-17
15.435 4.5815935e-17
15.44 4.5885801e-17
15.445 4.5955667e-17
15.45 4.6025533e-17
15.455 4.6095277e-17
15.46 4.6165021e-17
15.465 4.6234703e-17
15.47 4.6304385e-17
15.475 4.6373945e-17
15.48 4.6443505e-17
15.485 4.6513004e-17
15.49 4.6582503e-17
15.495 4.665194e-17
15.5 4.6721316e-17
15.505 4.6790631e-17
15.51 4.6859885e-17
15.515 4.6929139e-17
15.52 4.6998331e-17
15.525 4.7067463e-17
15.53 4.7136594e-17
15.535 4.7205664e-17
15.54 4.7274673e-17
15.545 4.7343682e-17
15.55 4.7412568e-17
15.555 4.7481455e-17
15.56 4.755028e-17
15.565 4.7619105e-17
15.57 4.7687869e-17
15.575 4.7756572e-17
15.58 4.7825213e-17
15.585 4.7893854e-17
15.59 4.7962435e-17
15.595 4.8030954e-17
15.6 4.8099473e-17
15.605 4.8167869e-17
15.61 4.8236266e-17
15.615 4.8304662e-17
15.62 4.8372936e-17
15.625 4.844121e-17
15.63 4.8509484e-17
15.635 4.8577636e-17
15.64 4.8645788e-17
15.645 4.8713878e-17
15.65 4.8781907e-17
15.655 4.8849936e-17
15.66 4.8917904e-17
15.665 4.8985811e-17
15.67 4.9053717e-17
15.675 4.9121502e-17
15.68 4.9189347e-17
15.685 4.925707e-17
15.69 4.9324793e-17
15.695 4.9392455e-17
15.7 4.9460055e-17
15.705 4.9527594e-17
15.71 4.9595134e-17
15.715 4.9662673e-17
15.72 4.973009e-17
15.725 4.9797507e-17
15.73 4.9864862e-17
15.735 4.9932157e-17
15.74 4.9999451e-17
15.745 5.0066684e-17
15.75 5.0133856e-17
15.755 5.0201028e-17
15.76 5.0268138e-17
15.765 5.0335188e-17
15.77 5.0402176e-17
15.775 5.0469164e-17
15.78 5.0536091e-17
15.785 5.0603018e-17
15.79 5.0669884e-17
15.795 5.0736688e-17
15.8 5.0803432e-17
15.805 5.0870175e-17
15.81 5.0936857e-17
15.815 5.1003478e-17
15.82 5.1070037e-17
15.825 5.1136597e-17
15.83 5.1203156e-17
15.835 5.1269593e-17
15.84 5.133603e-17
15.845 5.1402406e-17
15.85 5.1468782e-17
15.855 5.1535036e-17
15.86 5.160135e-17
15.865 5.1667542e-17
15.87 5.1733734e-17
15.875 5.1799865e-17
15.88 5.1865935e-17
15.885 5.1932005e-17
15.89 5.1998013e-17
15.895 5.206396e-17
15.9 5.2129908e-17
15.905 5.2195794e-17
15.91 5.2261618e-17
15.915 5.2327443e-17
15.92 5.2393207e-17
15.925 5.2458909e-17
15.93 5.2524611e-17
15.935 5.2590252e-17
15.94 5.2655832e-17
15.945 5.2721412e-17
15.95 5.2786931e-17
15.955 5.2852388e-17
15.96 5.2917845e-17
15.965 5.298318e-17
15.97 5.3048576e-17
15.975 5.311385e-17
15.98 5.3179124e-17
15.985 5.3244398e-17
15.99 5.3309549e-17
15.995 5.33747e-17
16 5.343979e-17
16.005 5.350488e-17
16.01 5.3569909e-17
16.015 5.3634876e-17
16.02 5.3699844e-17
16.025 5.376475e-17
16.03 5.3829595e-17
16.035 5.389444e-17
16.04 5.3959224e-17
16.045 5.4023946e-17
16.05 5.4088669e-17
16.055 5.4153269e-17
16.06 5.421793e-17
16.065 5.4282469e-17
16.07 5.4347069e-17
16.075 5.4411547e-17
16.08 5.4476025e-17
16.085 5.4540441e-17
16.09 5.4604796e-17
16.095 5.4669152e-17
16.1 5.4733446e-17
16.105 5.4797678e-17
16.11 5.4861911e-17
16.115 5.4926082e-17
16.12 5.4990254e-17
16.125 5.5054364e-17
16.13 5.5118413e-17
16.135 5.5182401e-17
16.14 5.5246389e-17
16.145 5.5310315e-17
16.15 5.5374242e-17
16.155 5.5438107e-17
16.16 5.5501911e-17
16.165 5.5565716e-17
16.17 5.5629458e-17
16.175 5.569314e-17
16.18 5.5756822e-17
16.185 5.5820442e-17
16.19 5.5884062e-17
16.195 5.594756e-17
16.2 5.601112e-17
16.205 5.6074556e-17
16.21 5.6137993e-17
16.215 5.6201368e-17
16.22 5.6264744e-17
16.225 5.6328058e-17
16.23 5.6391311e-17
16.235 5.6454564e-17
16.24 5.6517756e-17
16.245 5.6580886e-17
16.25 5.6644017e-17
16.255 5.6707086e-17
16.26 5.6770156e-17
16.265 5.6833164e-17
16.27 5.6896111e-17
16.275 5.6959057e-17
16.28 5.7021943e-17
16.285 5.7084767e-17
16.29 5.7147592e-17
16.295 5.7210355e-17
16.3 5.7273057e-17
16.305 5.7335759e-17
16.31 5.7398399e-17
16.315 5.746104e-17
16.32 5.752362e-17
16.325 5.7586138e-17
16.33 5.7648656e-17
16.335 5.7711113e-17
16.34 5.777357e-17
16.345 5.7835905e-17
16.35 5.78983e-17
16.355 5.7960574e-17
16.36 5.8022847e-17
16.365 5.808512e-17
16.37 5.8147271e-17
16.375 5.8209422e-17
16.38 5.8271573e-17
16.385 5.8333662e-17
16.39 5.8395691e-17
16.395 5.8457719e-17
16.4 5.8519686e-17
16.405 5.8581592e-17
16.41 5.8643498e-17
16.415 5.8705343e-17
16.42 5.8767187e-17
16.425 5.8828971e-17
16.43 5.8890693e-17
16.435 5.8952415e-17
16.44 5.9014076e-17
16.445 5.9075676e-17
16.45 5.9137275e-17
16.455 5.9198814e-17
16.46 5.9260352e-17
16.465 5.932183e-17
16.47 5.9383246e-17
16.475 5.9444662e-17
16.48 5.9506017e-17
16.485 5.9567371e-17
16.49 5.9628665e-17
16.495 5.9689897e-17
16.5 5.975113e-17
16.505 5.9812301e-17
16.51 5.9873472e-17
16.515 5.9934582e-17
16.52 5.999563e-17
16.525 6.0056679e-17
16.53 6.0117666e-17
16.535 6.0178654e-17
16.54 6.023958e-17
16.545 6.0300445e-17
16.55 6.036131e-17
16.555 6.0422114e-17
16.56 6.0482917e-17
16.565 6.054366e-17
16.57 6.0604341e-17
16.575 6.0665022e-17
16.58 6.0725642e-17
16.585 6.0786201e-17
16.59 6.084676e-17
16.595 6.0907319e-17
16.6 6.0967816e-17
16.605 6.1028253e-17
16.61 6.1088628e-17
16.615 6.1149003e-17
16.62 6.1209378e-17
16.625 6.1269692e-17
16.63 6.1329944e-17
16.635 6.1390136e-17
16.64 6.1450327e-17
16.645 6.1510518e-17
16.65 6.1570649e-17
16.655 6.1630718e-17
16.66 6.1690786e-17
16.665 6.1750794e-17
16.67 6.1810741e-17
16.675 6.1870687e-17
16.68 6.1930572e-17
16.685 6.1990458e-17
16.69 6.2050282e-17
16.695 6.2110106e-17
16.7 6.2169868e-17
16.705 6.222957e-17
16.71 6.2289271e-17
16.715 6.2348912e-17
16.72 6.2408552e-17
16.725 6.2468131e-17
16.73 6.252771e-17
16.735 6.2587167e-17
16.74 6.2646685e-17
16.745 6.2706141e-17
16.75 6.2765537e-17
16.755 6.2824871e-17
16.76 6.2884205e-17
16.765 6.2943539e-17
16.77 6.3002812e-17
16.775 6.3062024e-17
16.78 6.3121235e-17
16.785 6.3180386e-17
16.79 6.3239475e-17
16.795 6.3298564e-17
16.8 6.3357653e-17
16.805 6.341662e-17
16.81 6.3475648e-17
16.815 6.3534553e-17
16.82 6.3593459e-17
16.825 6.3652364e-17
16.83 6.3711209e-17
16.835 6.3769992e-17
16.84 6.3828775e-17
16.845 6.3887497e-17
16.85 6.3946218e-17
16.855 6.4004879e-17
16.86 6.406354e-17
16.865 6.4122139e-17
16.87 6.4180677e-17
16.875 6.4239215e-17
16.88 6.4297692e-17
16.885 6.4356169e-17
16.89 6.4414585e-17
16.895 6.4473e-17
16.9 6.4531355e-17
16.905 6.4589648e-17
16.91 6.4647941e-17
16.915 6.4706173e-17
16.92 6.4764405e-17
16.925 6.4822576e-17
16.93 6.4880746e-17
16.935 6.4938856e-17
16.94 6.4996904e-17
16.945 6.5054952e-17
16.95 6.5113001e-17
16.955 6.5170988e-17
16.96 6.5228914e-17
16.965 6.5286839e-17
16.97 6.5344704e-17
16.975 6.5402507e-17
16.98 6.5460372e-17
16.985 6.5518114e-17
16.99 6.5575856e-17
16.995 6.5633537e-17
17 6.5691218e-17
17.005 6.5748837e-17
17.01 6.5806457e-17
17.015 6.5864015e-17
17.02 6.5921574e-17
17.025 6.5979071e-17
17.03 6.6036568e-17
17.035 6.6094004e-17
17.04 6.6151379e-17
17.045 6.6208753e-17
17.05 6.6266067e-17
17.055 6.632338e-17
17.06 6.6380633e-17
17.065 6.6437885e-17
17.07 6.6495076e-17
17.075 6.6552267e-17
17.08 6.6609397e-17
17.085 6.6666465e-17
17.09 6.6723534e-17
17.095 6.6780541e-17
17.1 6.6837548e-17
17.105 6.6894556e-17
17.11 6.6951441e-17
17.115 6.7008387e-17
17.12 6.706521e-17
17.125 6.7122034e-17
17.13 6.7178857e-17
17.135 6.723562e-17
17.14 6.7292321e-17
17.145 6.7349022e-17
17.15 6.7405723e-17
17.155 6.7462363e-17
17.16 6.7518942e-17
17.165 6.7575521e-17
17.17 6.7632038e-17
17.175 6.7688555e-17
17.18 6.7745012e-17
17.185 6.7801468e-17
17.19 6.7857863e-17
17.195 6.7914197e-17
17.2 6.7970592e-17
17.205 6.8026864e-17
17.21 6.8083137e-17
17.215 6.8139409e-17
17.22 6.8195559e-17
17.225 6.825177e-17
17.23 6.8307921e-17
17.235 6.8364009e-17
17.24 6.8420098e-17
17.245 6.8476126e-17
17.25 6.8532153e-17
17.255 6.858812e-17
17.26 6.8644086e-17
17.265 6.8699991e-17
17.27 6.8755835e-17
17.275 6.8811679e-17
17.28 6.8867523e-17
17.285 6.8923306e-17
17.29 6.8979088e-17
17.295 6.903481e-17
17.3 6.909047e-17
17.305 6.914613e-17
17.31 6.9201729e-17
17.315 6.9257328e-17
17.32 6.9312927e-17
17.325 6.9368403e-17
17.33 6.9423941e-17
17.335 6.9479356e-17
17.34 6.9534833e-17
17.345 6.9590187e-17
17.35 6.9645602e-17
17.355 6.9700895e-17
17.36 6.9756188e-17
17.365 6.9811481e-17
17.37 6.9866712e-17
17.375 6.9921944e-17
17.38 6.9977114e-17
17.385 7.0032284e-17
17.39 7.0087394e-17
17.395 7.0142441e-17
17.4 7.0197489e-17
17.405 7.0252537e-17
17.41 7.0307524e-17
17.415 7.0362449e-17
17.42 7.0417375e-17
17.425 7.04723e-17
17.43 7.0527103e-17
17.435 7.0581967e-17
17.44 7.063677e-17
17.445 7.0691512e-17
17.45 7.0746254e-17
17.455 7.0800934e-17
17.46 7.0855615e-17
17.465 7.0910295e-17
17.47 7.0964853e-17
17.475 7.1019472e-17
17.48 7.107403e-17
17.485 7.1128527e-17
17.49 7.1183024e-17
17.495 7.1237459e-17
17.5 7.1291895e-17
17.505 7.1346269e-17
17.51 7.1400644e-17
17.515 7.1454957e-17
17.52 7.150927e-17
17.525 7.1563522e-17
17.53 7.1617773e-17
17.535 7.1671964e-17
17.54 7.1726155e-17
17.545 7.1780284e-17
17.55 7.1834413e-17
17.555 7.1888482e-17
17.56 7.194255e-17
17.565 7.1996557e-17
17.57 7.2050564e-17
17.575 7.2104509e-17
17.58 7.2158394e-17
17.585 7.2212339e-17
17.59 7.2266163e-17
17.595 7.2320047e-17
17.6 7.2373809e-17
17.605 7.2427571e-17
17.61 7.2481333e-17
17.615 7.2535034e-17
17.62 7.2588735e-17
17.625 7.2642374e-17
17.63 7.2696014e-17
17.635 7.2749592e-17
17.64 7.280317e-17
17.645 7.2856687e-17
17.65 7.2910204e-17
17.655 7.296366e-17
17.66 7.3017116e-17
17.665 7.3070511e-17
17.67 7.3123905e-17
17.675 7.3177239e-17
17.68 7.3230572e-17
17.685 7.3283844e-17
17.69 7.3337116e-17
17.695 7.3390327e-17
17.7 7.3443538e-17
17.705 7.3496688e-17
17.71 7.3549837e-17
17.715 7.3602987e-17
17.72 7.3656014e-17
17.725 7.3709103e-17
17.73 7.376213e-17
17.735 7.3815096e-17
17.74 7.3868062e-17
17.745 7.3920967e-17
17.75 7.3973871e-17
17.755 7.4026776e-17
17.76 7.407962e-17
17.765 7.4132402e-17
17.77 7.4185184e-17
17.775 7.4237905e-17
17.78 7.4290626e-17
17.785 7.4343347e-17
17.79 7.4396007e-17
17.795 7.4448667e-17
17.8 7.4501266e-17
17.805 7.4553803e-17
17.81 7.460634e-17
17.815 7.4658878e-17
17.82 7.4711354e-17
17.825 7.476383e-17
17.83 7.4816245e-17
17.835 7.486866e-17
17.84 7.4921013e-17
17.845 7.4973367e-17
17.85 7.5025659e-17
17.855 7.5077952e-17
17.86 7.5130183e-17
17.865 7.5182414e-17
17.87 7.5234584e-17
17.875 7.5286754e-17
17.88 7.5338863e-17
17.885 7.5390971e-17
17.89 7.544308e-17
17.895 7.5495128e-17
17.9 7.5547114e-17
17.905 7.55991e-17
17.91 7.5651086e-17
17.915 7.5703011e-17
17.92 7.5754875e-17
17.925 7.5806739e-17
17.93 7.5858603e-17
17.935 7.5910405e-17
17.94 7.5962208e-17
17.945 7.6013949e-17
17.95 7.6065691e-17
17.955 7.6117371e-17
17.96 7.6169051e-17
17.965 7.622067e-17
17.97 7.6272289e-17
17.975 7.6323907e-17
17.98 7.6375465e-17
17.985 7.6426961e-17
17.99 7.6478458e-17
17.995 7.6529954e-17
18 7.6581389e-17
18.005 7.6632763e-17
18.01 7.6684198e-17
18.015 7.6735511e-17
18.02 7.6786885e-17
18.025 7.6838137e-17
18.03 7.6889449e-17
18.035 7.694064e-17
18.04 7.6991891e-17
18.045 7.7043081e-17
18.05 7.709421e-17
18.055 7.7145339e-17
18.06 7.7196468e-17
18.065 7.7247536e-17
18.07 7.7298543e-17
18.075 7.7349549e-17
18.08 7.7400556e-17
18.085 7.7451501e-17
18.09 7.7502446e-17
18.095 7.755333e-17
18.1 7.7604214e-17
18.105 7.7655037e-17
18.11 7.770586e-17
18.115 7.7756683e-17
18.12 7.7807445e-17
18.125 7.7858145e-17
18.13 7.7908845e-17
18.135 7.7959546e-17
18.14 7.8010185e-17
18.145 7.8060824e-17
18.15 7.8111402e-17
18.155 7.816198e-17
18.16 7.8212496e-17
18.165 7.8263013e-17
18.17 7.8313469e-17
18.175 7.8363924e-17
18.18 7.8414379e-17
18.185 7.8464774e-17
18.19 7.8515168e-17
18.195 7.8565501e-17
18.2 7.8615834e-17
18.205 7.8666106e-17
18.21 7.8716377e-17
18.215 7.8766588e-17
18.22 7.8816798e-17
18.225 7.8866948e-17
18.23 7.8917097e-17
18.235 7.8967246e-17
18.24 7.9017334e-17
18.245 7.9067422e-17
18.25 7.9117449e-17
18.255 7.9167476e-17
18.26 7.9217442e-17
18.265 7.9267407e-17
18.27 7.9317312e-17
18.275 7.9367216e-17
18.28 7.941712e-17
18.285 7.9466963e-17
18.29 7.9516807e-17
18.295 7.9566588e-17
18.3 7.961637e-17
18.305 7.9666091e-17
18.31 7.9715812e-17
18.315 7.9765471e-17
18.32 7.981513e-17
18.325 7.986479e-17
18.33 7.9914388e-17
18.335 7.9963925e-17
18.34 8.0013523e-17
18.345 8.0062999e-17
18.35 8.0112536e-17
18.355 8.0162012e-17
18.36 8.0211426e-17
18.365 8.0260841e-17
18.37 8.0310255e-17
18.375 8.0359608e-17
18.38 8.0408962e-17
18.385 8.0458254e-17
18.39 8.0507546e-17
18.395 8.0556777e-17
18.4 8.0606007e-17
18.405 8.0655177e-17
18.41 8.0704408e-17
18.415 8.0753516e-17
18.42 8.0802624e-17
18.425 8.0851733e-17
18.43 8.090078e-17
18.435 8.0949827e-17
18.44 8.0998874e-17
18.445 8.104786e-17
18.45 8.1096785e-17
18.455 8.114577e-17
18.46 8.1194634e-17
18.465 8.1243559e-17
18.47 8.1292361e-17
18.475 8.1341224e-17
18.48 8.1390026e-17
18.485 8.1438767e-17
18.49 8.1487569e-17
18.495 8.1536249e-17
18.5 8.158499e-17
18.505 8.1633609e-17
18.51 8.1682288e-17
18.515 8.1730907e-17
18.52 8.1779464e-17
18.525 8.1828082e-17
18.53 8.1876578e-17
18.535 8.1925136e-17
18.54 8.197357e-17
18.545 8.2022066e-17
18.55 8.2070501e-17
18.555 8.2118875e-17
18.56 8.2167248e-17
18.565 8.2215622e-17
18.57 8.2263934e-17
18.575 8.2312247e-17
18.58 8.2360559e-17
18.585 8.240881e-17
18.59 8.2457e-17
18.595 8.2505251e-17
18.6 8.2553379e-17
18.605 8.2601569e-17
18.61 8.2649698e-17
18.615 8.2697765e-17
18.62 8.2745833e-17
18.625 8.27939e-17
18.63 8.2841906e-17
18.635 8.2889912e-17
18.64 8.2937857e-17
18.645 8.2985802e-17
18.65 8.3033747e-17
18.655 8.3081631e-17
18.66 8.3129453e-17
18.665 8.3177337e-17
18.67 8.3225159e-17
18.675 8.3272921e-17
18.68 8.3320682e-17
18.685 8.3368443e-17
18.69 8.3416143e-17
18.695 8.3463843e-17
18.7 8.3511482e-17
18.705 8.3559121e-17
18.71 8.3606698e-17
18.715 8.3654337e-17
18.72 8.3701853e-17
18.725 8.374937e-17
18.73 8.3796886e-17
18.735 8.3844402e-17
18.74 8.3891857e-17
18.745 8.3939251e-17
18.75 8.3986706e-17
18.755 8.4034039e-17
18.76 8.4081433e-17
18.765 8.4128765e-17
18.77 8.4176037e-17
18.775 8.4223369e-17
18.78 8.4270579e-17
18.785 8.4317851e-17
18.79 8.4365e-17
18.795 8.441221e-17
18.8 8.4459359e-17
18.805 8.4506507e-17
18.81 8.4553595e-17
18.815 8.4600683e-17
18.82 8.4647709e-17
18.825 8.4694736e-17
18.83 8.4741762e-17
18.835 8.4788727e-17
18.84 8.4835693e-17
18.845 8.4882658e-17
18.85 8.4929562e-17
18.855 8.4976404e-17
18.86 8.5023247e-17
18.865 8.507009e-17
18.87 8.5116933e-17
18.875 8.5163714e-17
18.88 8.5210434e-17
18.885 8.5257155e-17
18.89 8.5303875e-17
18.895 8.5350534e-17
18.9 8.5397193e-17
18.905 8.5443852e-17
18.91 8.549045e-17
18.915 8.5537048e-17
18.92 8.5583584e-17
18.925 8.5630121e-17
18.93 8.5676657e-17
18.935 8.5723133e-17
18.94 8.5769608e-17
18.945 8.5816022e-17
18.95 8.5862436e-17
18.955 8.590885e-17
18.96 8.5955203e-17
18.965 8.6001495e-17
18.97 8.6047848e-17
18.975 8.609414e-17
18.98 8.614037e-17
18.985 8.61866e-17
18.99 8.6232831e-17
18.995 8.6279061e-17
19 8.632523e-17
19.005 8.6371338e-17
19.01 8.6417446e-17
19.015 8.6463554e-17
19.02 8.6509601e-17
19.025 8.6555648e-17
19.03 8.6601694e-17
19.035 8.664768e-17
19.04 8.6693665e-17
19.045 8.673959e-17
19.05 8.6785514e-17
19.055 8.6831438e-17
19.06 8.6877301e-17
19.065 8.6923164e-17
19.07 8.6969027e-17
19.075 8.7014829e-17
19.08 8.706057e-17
19.085 8.7106371e-17
19.09 8.7152051e-17
19.095 8.7197791e-17
19.1 8.7243471e-17
19.105 8.728915e-17
19.11 8.7334768e-17
19.115 8.7380386e-17
19.12 8.7425943e-17
19.125 8.7471561e-17
19.13 8.7517057e-17
19.135 8.7562614e-17
19.14 8.7608109e-17
19.145 8.7653544e-17
19.15 8.7698978e-17
19.155 8.7744412e-17
19.16 8.7789847e-17
19.165 8.783522e-17
19.17 8.7880532e-17
19.175 8.7925905e-17
19.18 8.7971156e-17
19.185 8.8016468e-17
19.19 8.8061718e-17
19.195 8.8106969e-17
19.2 8.8152159e-17
19.205 8.8197348e-17
19.21 8.8242537e-17
19.215 8.8287666e-17
19.22 8.8332794e-17
19.225 8.8377861e-17
19.23 8.8422928e-17
19.235 8.8467995e-17
19.24 8.8513001e-17
19.245 8.8558006e-17
19.25 8.8602951e-17
19.255 8.8647957e-17
19.26 8.869284e-17
19.265 8.8737785e-17
19.27 8.8782668e-17
19.275 8.882749e-17
19.28 8.8872312e-17
19.285 8.8917134e-17
19.29 8.8961956e-17
19.295 8.9006717e-17
19.3 8.9051478e-17
19.305 8.9096177e-17
19.31 8.9140877e-17
19.315 8.9185515e-17
19.32 8.9230215e-17
19.325 8.9274792e-17
19.33 8.9319431e-17
19.335 8.9364008e-17
19.34 8.9408585e-17
19.345 8.9453101e-17
19.35 8.9497617e-17
19.355 8.9542071e-17
19.36 8.9586587e-17
19.365 8.9630981e-17
19.37 8.9675435e-17
19.375 8.9719829e-17
19.38 8.9764222e-17
19.385 8.9808555e-17
19.39 8.9852887e-17
19.395 8.9897158e-17
19.4 8.994149e-17
19.405 8.99857e-17
19.41 9.0029971e-17
19.415 9.007418e-17
19.42 9.011839e-17
19.425 9.0162539e-17
19.43 9.0206687e-17
19.435 9.0250836e-17
19.44 9.0294923e-17
19.445 9.033901e-17
19.45 9.0383036e-17
19.455 9.0427062e-17
19.46 9.0471088e-17
19.465 9.0515053e-17
19.47 9.0559018e-17
19.475 9.0602983e-17
19.48 9.0646886e-17
19.485 9.069079e-17
19.49 9.0734694e-17
19.495 9.0778536e-17
19.5 9.0822378e-17
19.505 9.086616e-17
19.51 9.0909941e-17
19.515 9.0953722e-17
19.52 9.0997442e-17
19.525 9.1041162e-17
19.53 9.1084881e-17
19.535 9.112854e-17
19.54 9.1172199e-17
19.545 9.1215796e-17
19.55 9.1259394e-17
19.555 9.1302991e-17
19.56 9.1346527e-17
19.565 9.1390125e-17
19.57 9.14336e-17
19.575 9.1477136e-17
19.58 9.152055e-17
19.585 9.1564024e-17
19.59 9.1607438e-17
19.595 9.1650852e-17
19.6 9.1694266e-17
19.605 9.1737618e-17
19.61 9.1780971e-17
19.615 9.1824262e-17
19.62 9.1867553e-17
19.625 9.1910844e-17
19.63 9.1954074e-17
19.635 9.1997305e-17
19.64 9.2040535e-17
19.645 9.2083703e-17
19.65 9.2126872e-17
19.655 9.216998e-17
19.66 9.2213149e-17
19.665 9.2256195e-17
19.67 9.2299302e-17
19.675 9.2342349e-17
19.68 9.2385395e-17
19.685 9.242838e-17
19.69 9.2471365e-17
19.695 9.251435e-17
19.7 9.2557274e-17
19.705 9.2600198e-17
19.71 9.2643122e-17
19.715 9.2685985e-17
19.72 9.2728847e-17
19.725 9.277171e-17
19.73 9.2814511e-17
19.735 9.2857313e-17
19.74 9.2900053e-17
19.745 9.2942793e-17
19.75 9.2985533e-17
19.755 9.3028212e-17
19.76 9.3070952e-17
19.765 9.311357e-17
19.77 9.3156249e-17
19.775 9.3198867e-17
19.78 9.3241423e-17
19.785 9.3284041e-17
19.79 9.3326597e-17
19.795 9.3369093e-17
19.8 9.3411588e-17
19.805 9.3454083e-17
19.81 9.3496578e-17
19.815 9.3539012e-17
19.82 9.3581446e-17
19.825 9.362388e-17
19.83 9.3666253e-17
19.835 9.3708565e-17
19.84 9.3750938e-17
19.845 9.3793249e-17
19.85 9.3835561e-17
19.855 9.3877811e-17
19.86 9.3920061e-17
19.865 9.3962312e-17
19.87 9.4004501e-17
19.875 9.404669e-17
19.88 9.4088879e-17
19.885 9.4131068e-17
19.89 9.4173134e-17
19.895 9.4215262e-17
19.9 9.4257329e-17
19.905 9.4299396e-17
19.91 9.4341462e-17
19.915 9.4383468e-17
19.92 9.4425473e-17
19.925 9.4467478e-17
19.93 9.4509423e-17
19.935 9.4551367e-17
19.94 9.459325e-17
19.945 9.4635194e-17
19.95 9.4677077e-17
19.955 9.4718898e-17
19.96 9.476072e-17
19.965 9.4802542e-17
19.97 9.4844363e-17
19.975 9.4886124e-17
19.98 9.4927823e-17
19.985 9.4969584e-17
19.99 9.5011283e-17
19.995 9.5052982e-17

