0.25 131.97016
0.255 129.77417
0.26 127.69738
0.265 125.78238
0.27 123.86738
0.275 121.95238
0.28 120.24441
0.285 118.55971
0.29 116.87501
0.295 115.26174
0.3 113.76815
0.305 112.27456
0.31 110.78098
0.315 109.42344
0.32 108.09019
0.325 106.75694
0.33 105.4676
0.335 104.27018
0.34 103.07277
0.345 101.87536
0.35 100.77058
0.355 99.689246
0.36 98.607916
0.365 97.553853
0.37 96.572505
0.375 95.591157
0.38 94.60981
0.385 93.693289
0.39 92.79867
0.395 91.90405
0.4 91.026257
0.405 90.207355
0.41 89.388454
0.415 88.569552
0.42 87.796995
0.425 87.044589
0.43 86.292183
0.435 85.549858
0.44 84.856164
0.445 84.162469
0.45 83.468775
0.455 82.80876
0.46 82.167164
0.465 81.525568
0.47 80.889601
0.475 80.294446
0.48 79.699291
0.485 79.104136
0.49 78.533758
0.495 77.980178
0.5 77.426598
0.505 76.87566
0.51 76.359446
0.515 75.843232
0.52 75.327018
0.525 74.829189
0.53 74.34668
0.535 73.864172
0.54 73.382281
0.545 72.930282
0.55 72.478283
0.555 72.026284
0.56 71.587997
0.565 71.163702
0.57 70.739407
0.575 70.315112
0.58 69.915286
0.585 69.516224
0.59 69.117162
0.595 68.728343
0.6 68.352328
0.605 67.976313
0.61 67.600298
0.615 67.243684
0.62 66.888775
0.625 66.533867
0.63 66.186592
0.635 65.851061
0.64 65.51553
0.645 65.18
0.65 64.85996
0.655 64.542262
0.66 64.224564
0.665 63.912516
0.67 63.611266
0.675 63.310016
0.68 63.008766
0.685 62.719956
0.69 62.433909
0.695 62.147862
0.7 61.86594
0.705 61.593974
0.71 61.322007
0.715 61.050041
0.72 60.788105
0.725 60.529205
0.73 60.270304
0.735 60.014348
0.74 59.767594
0.745 59.52084
0.75 59.274085
0.755 59.035443
0.76 58.8
0.765 58.564557
0.77 58.331139
0.775 58.106246
0.78 57.881354
0.785 57.656462
0.79 57.438141
0.795 57.223106
0.8 57.008071
0.805 56.79434
0.81 56.588527
0.815 56.382715
0.82 56.176903
0.825 55.976416
0.83 55.779246
0.835 55.582075
0.84 55.385642
0.845 55.196581
0.85 55.00752
0.855 54.818459
0.86 54.633707
0.865 54.452265
0.87 54.270822
0.875 54.089669
0.88 53.915394
0.885 53.741119
0.89 53.566844
0.895 53.396047
0.9 53.228522
0.905 53.060998
0.91 52.893474
0.915 52.732251
0.92 52.571093
0.925 52.409935
0.93 52.251569
0.935 52.096421
0.94 51.941273
0.945 51.786125
0.95 51.636312
0.955 51.486844
0.96 51.337376
0.965 51.190133
0.97 51.046038
0.975 50.901944
0.98 50.757849
0.985 50.618278
0.99 50.479272
0.995 50.340266
1 50.203015
1.005 50.068833
1.01 49.934651
1.015 49.80047
1.02 49.670126
1.025 49.540521
1.03 49.410917
1.035 49.282673
1.04 49.157416
1.045 49.032158
1.05 48.906901
1.055 48.784899
1.06 48.663773
1.065 48.542647
1.07 48.422554
1.075 48.305359
1.08 48.188164
1.085 48.070969
1.09 47.956533
1.095 47.843081
1.1 47.729628
1.105 47.616932
1.11 47.507046
1.115 47.397159
1.12 47.287273
1.125 47.179722
1.13 47.073236
1.135 46.966749
1.14 46.860788
1.145 46.757547
1.15 46.654306
1.155 46.551065
1.16 46.449796
1.165 46.349653
1.17 46.249511
1.175 46.149698
1.18 46.052517
1.185 45.955337
1.19 45.858156
1.195 45.762635
1.2 45.668286
1.205 45.573937
1.21 45.479753
1.215 45.388114
1.22 45.296475
1.225 45.204837
1.23 45.114587
1.235 45.025543
1.24 44.936499
1.245 44.847481
1.25 44.760923
1.255 44.674365
1.26 44.587808
1.265 44.502406
1.27 44.418232
1.275 44.334058
1.28 44.249883
1.285 44.167903
1.29 44.086016
1.295 44.004128
1.3 43.923193
1.305 43.8435
1.31 43.763807
1.315 43.684114
1.32 43.606336
1.325 43.528751
1.33 43.451165
1.335 43.374356
1.34 43.298795
1.345 43.223234
1.35 43.147674
1.355 43.073784
1.36 43.00017
1.365 42.926556
1.37 42.853566
1.375 42.781824
1.38 42.710082
1.385 42.638341
1.39 42.568055
1.395 42.498115
1.4 42.428175
1.405 42.358726
1.41 42.290521
1.415 42.222316
1.42 42.154111
1.425 42.087172
1.43 42.020638
1.435 41.954104
1.44 41.887944
1.445 41.82302
1.45 41.758096
1.455 41.693173
1.46 41.629347
1.465 41.565976
1.47 41.502605
1.475 41.439507
1.48 41.377633
1.485 41.31576
1.49 41.253886
1.495 41.192962
1.5 41.132534
1.505 41.072105
1.51 41.01186
1.515 40.952827
1.52 40.893794
1.525 40.834761
1.53 40.776544
1.535 40.718858
1.54 40.661173
1.545 40.603592
1.55 40.547208
1.555 40.490824
1.56 40.43444
1.565 40.378754
1.57 40.323628
1.575 40.268503
1.58 40.213413
1.585 40.159504
1.59 40.105594
1.595 40.051685
1.6 39.99837
1.605 39.945637
1.61 39.892904
1.615 39.840171
1.62 39.788554
1.625 39.73696
1.63 39.685366
1.635 39.634272
1.64 39.58378
1.645 39.533288
1.65 39.482796
1.655 39.433295
1.66 39.38387
1.665 39.334445
1.67 39.285438
1.675 39.237047
1.68 39.188655
1.685 39.140264
1.69 39.092753
1.695 39.045363
1.7 38.997973
1.705 38.950927
1.71 38.904508
1.715 38.858089
1.72 38.81167
1.725 38.766031
1.73 38.720553
1.735 38.675075
1.74 38.629874
1.745 38.585309
1.75 38.540745
1.755 38.49618
1.76 38.452304
1.765 38.408625
1.77 38.364946
1.775 38.321484
1.78 38.278664
1.785 38.235845
1.79 38.193026
1.795 38.150813
1.8 38.108828
1.805 38.066843
1.81 38.025021
1.815 37.983847
1.82 37.942672
1.825 37.901497
1.83 37.860855
1.835 37.820467
1.84 37.78008
1.845 37.739808
1.85 37.700185
1.855 37.660562
1.86 37.620939
1.865 37.581781
1.87 37.542901
1.875 37.504022
1.88 37.465215
1.885 37.427057
1.89 37.3889
1.895 37.350743
1.9 37.31299
1.905 37.275535
1.91 37.23808
1.915 37.20066
1.92 37.163888
1.925 37.127117
1.93 37.090345
1.935 37.053923
1.94 37.017816
1.945 36.981709
1.95 36.945602
1.955 36.909658
1.96 36.873713
1.965 36.837768
1.97 36.801823
1.975 36.765878
1.98 36.729934
1.985 36.693989
1.99 36.658044
1.995 36.622099
2 36.586154
2.005 36.55021
2.01 36.514265
2.015 36.47832
2.02 36.442375
2.025 36.40643
2.03 36.370486
2.035 36.334541
2.04 36.298596
2.045 36.262651
2.05 36.226707
2.055 36.190762
2.06 36.154817
2.065 36.118872
2.07 36.082927
2.075 36.046983
2.08 36.011038
2.085 35.975093
2.09 35.939148
2.095 35.903203
2.1 35.867259
2.105 35.831314
2.11 35.795369
2.115 35.759424
2.12 35.723479
2.125 35.687535
2.13 35.65159
2.135 35.615645
2.14 35.5797
2.145 35.543755
2.15 35.507811
2.155 35.471866
2.16 35.435921
2.165 35.399976
2.17 35.364031
2.175 35.328087
2.18 35.292142
2.185 35.256197
2.19 35.220252
2.195 35.184308
2.2 35.148363
2.205 35.112418
2.21 35.076473
2.215 35.040528
2.22 35.004584
2.225 34.968639
2.23 34.932694
2.235 34.896749
2.24 34.860804
2.245 34.82486
2.25 34.788915
2.255 34.75297
2.26 34.717025
2.265 34.68108
2.27 34.645136
2.275 34.609191
2.28 34.573246
2.285 34.537301
2.29 34.501356
2.295 34.465412
2.3 34.429467
2.305 34.393522
2.31 34.357577
2.315 34.321632
2.32 34.285688
2.325 34.249743
2.33 34.213798
2.335 34.177853
2.34 34.141908
2.345 34.105964
2.35 34.070019
2.355 34.034074
2.36 33.998129
2.365 33.962185
2.37 33.92624
2.375 33.890295
2.38 33.85435
2.385 33.818405
2.39 33.782461
2.395 33.746516
2.4 33.710571
2.405 33.674626
2.41 33.638681
2.415 33.602737
2.42 33.566792
2.425 33.530847
2.43 33.494902
2.435 33.458957
2.44 33.423013
2.445 33.387068
2.45 33.351123
2.455 33.315178
2.46 33.279233
2.465 33.243289
2.47 33.207344
2.475 33.171399
2.48 33.135454
2.485 33.099509
2.49 33.063565
2.495 33.02762
2.5 32.991675
2.505 32.941561
2.51 32.891447
2.515 32.841333
2.52 32.791219
2.525 32.741105
2.53 32.692187
2.535 32.643269
2.54 32.594351
2.545 32.545433
2.55 32.496515
2.555 32.448782
2.56 32.401048
2.565 32.353314
2.57 32.30558
2.575 32.257847
2.58 32.21129
2.585 32.164733
2.59 32.118176
2.595 32.071619
2.6 32.025062
2.605 31.979671
2.61 31.934279
2.615 31.888888
2.62 31.843496
2.625 31.798105
2.63 31.752924
2.635 31.707744
2.64 31.662564
2.645 31.617384
2.65 31.572203
2.655 31.529571
2.66 31.486938
2.665 31.444305
2.67 31.401672
2.675 31.35904
2.68 31.316434
2.685 31.273828
2.69 31.231222
2.695 31.188617
2.7 31.146011
2.705 31.105874
2.71 31.065737
2.715 31.0256
2.72 30.985463
2.725 30.945326
2.73 30.906029
2.735 30.866731
2.74 30.827434
2.745 30.788137
2.75 30.748839
2.755 30.710406
2.76 30.671973
2.765 30.63354
2.77 30.595107
2.775 30.556674
2.78 30.519199
2.785 30.481725
2.79 30.444251
2.795 30.406777
2.8 30.369303
2.805 30.33281
2.81 30.296317
2.815 30.259824
2.82 30.223332
2.825 30.186839
2.83 30.151336
2.835 30.115832
2.84 30.080329
2.845 30.044826
2.85 30.009323
2.855 29.974807
2.86 29.940291
2.865 29.905775
2.87 29.87126
2.875 29.836744
2.88 29.803205
2.885 29.769666
2.89 29.736127
2.895 29.702588
2.9 29.669049
2.905 29.636478
2.91 29.603906
2.915 29.571335
2.92 29.538764
2.925 29.506193
2.93 29.474574
2.935 29.442954
2.94 29.411335
2.945 29.379716
2.95 29.348097
2.955 29.317417
2.96 29.286736
2.965 29.256055
2.97 29.225375
2.975 29.194694
2.98 29.164936
2.985 29.135178
2.99 29.105421
2.995 29.075663
3 29.045905
3.005 29.017052
3.01 28.988198
3.015 28.959345
3.02 28.930492
3.025 28.901639
3.03 28.873674
3.035 28.845709
3.04 28.817745
3.045 28.78978
3.05 28.761816
3.055 28.734719
3.06 28.707622
3.065 28.680525
3.07 28.653428
3.075 28.626331
3.08 28.600085
3.085 28.573838
3.09 28.547592
3.095 28.521345
3.1 28.495098
3.105 28.469683
3.11 28.444267
3.115 28.418852
3.12 28.393436
3.125 28.368021
3.13 28.343417
3.135 28.318813
3.14 28.294209
3.145 28.269606
3.15 28.245002
3.155 28.22119
3.16 28.197378
3.165 28.173566
3.17 28.149754
3.175 28.125942
3.18 28.102903
3.185 28.079863
3.19 28.056823
3.195 28.033784
3.2 28.010744
3.205 27.988457
3.21 27.96617
3.215 27.943883
3.22 27.921596
3.225 27.899308
3.23 27.877754
3.235 27.8562
3.24 27.834647
3.245 27.813093
3.25 27.791539
3.255 27.770697
3.26 27.749856
3.265 27.729015
3.27 27.708173
3.275 27.687332
3.28 27.667184
3.285 27.647036
3.29 27.626888
3.295 27.60674
3.3 27.586593
3.305 27.567119
3.31 27.547645
3.315 27.528171
3.32 27.508697
3.325 27.489223
3.33 27.470404
3.335 27.451585
3.34 27.432766
3.345 27.413947
3.35 27.395128
3.355 27.376945
3.36 27.358762
3.365 27.340579
3.37 27.322396
3.375 27.304212
3.38 27.286646
3.385 27.26908
3.39 27.251514
3.395 27.233948
3.4 27.216381
3.405 27.198708
3.41 27.181035
3.415 27.163361
3.42 27.145688
3.425 27.128014
3.43 27.11156
3.435 27.095105
3.44 27.078651
3.445 27.062196
3.45 27.045741
3.455 27.029937
3.46 27.014132
3.465 26.998327
3.47 26.982523
3.475 26.966718
3.48 26.951463
3.485 26.936207
3.49 26.920952
3.495 26.905697
3.5 26.890441
3.505 26.875713
3.51 26.860984
3.515 26.846256
3.52 26.831527
3.525 26.816799
3.53 26.802575
3.535 26.788352
3.54 26.774128
3.545 26.759904
3.55 26.745681
3.555 26.731939
3.56 26.718198
3.565 26.704457
3.57 26.690716
3.575 26.676975
3.58 26.663693
3.585 26.650412
3.59 26.63713
3.595 26.623848
3.6 26.610566
3.605 26.59772
3.61 26.584873
3.615 26.572027
3.62 26.55918
3.625 26.546334
3.63 26.533901
3.635 26.521468
3.64 26.509035
3.645 26.496602
3.65 26.484169
3.655 26.472131
3.66 26.460093
3.665 26.448056
3.67 26.436018
3.675 26.42398
3.68 26.412325
3.685 26.400669
3.69 26.389014
3.695 26.377359
3.7 26.365704
3.705 26.354422
3.71 26.343141
3.715 26.33186
3.72 26.320579
3.725 26.309297
3.73 26.298383
3.735 26.287469
3.74 26.276556
3.745 26.265642
3.75 26.254728
3.755 26.244174
3.76 26.23362
3.765 26.223066
3.77 26.212512
3.775 26.201958
3.78 26.191754
3.785 26.18155
3.79 26.171346
3.795 26.161141
3.8 26.150937
3.805 26.14107
3.81 26.131202
3.815 26.121334
3.82 26.111467
3.825 26.101599
3.83 26.092053
3.835 26.082507
3.84 26.072961
3.845 26.063414
3.85 26.053868
3.855 26.044627
3.86 26.035386
3.865 26.026145
3.87 26.016904
3.875 26.007663
3.88 25.99871
3.885 25.989758
3.89 25.980805
3.895 25.971852
3.9 25.962899
3.905 25.954217
3.91 25.945534
3.915 25.936852
3.92 25.92817
3.925 25.919488
3.93 25.911058
3.935 25.902629
3.94 25.894199
3.945 25.88577
3.95 25.87734
3.955 25.869145
3.96 25.86095
3.965 25.852755
3.97 25.84456
3.975 25.836365
3.98 25.828386
3.985 25.820407
3.99 25.812428
3.995 25.804449
4 25.79647
4.005 25.788687
4.01 25.780904
4.015 25.773122
4.02 25.765339
4.025 25.757556
4.03 25.74995
4.035 25.742344
4.04 25.734737
4.045 25.727131
4.05 25.719524
4.055 25.712073
4.06 25.704622
4.065 25.69717
4.07 25.689719
4.075 25.682267
4.08 25.674948
4.085 25.667628
4.09 25.660309
4.095 25.652989
4.1 25.64567
4.105 25.638458
4.11 25.631245
4.115 25.624033
4.12 25.616821
4.125 25.609608
4.13 25.602476
4.135 25.595343
4.14 25.58821
4.145 25.581077
4.15 25.573945
4.155 25.56686
4.16 25.559776
4.165 25.552692
4.17 25.545607
4.175 25.538523
4.18 25.531452
4.185 25.52438
4.19 25.517308
4.195 25.510237
4.2 25.503165
4.205 25.496064
4.21 25.488962
4.215 25.481861
4.22 25.474759
4.225 25.467658
4.23 25.460474
4.235 25.45329
4.24 25.446107
4.245 25.438923
4.25 25.431739
4.255 25.424408
4.26 25.417077
4.265 25.409745
4.27 25.402414
4.275 25.395082
4.28 25.387517
4.285 25.379951
4.29 25.372386
4.295 25.36482
4.3 25.357255
4.305 25.349341
4.31 25.341426
4.315 25.333512
4.32 25.325597
4.325 25.317683
4.33 25.309264
4.335 25.300845
4.34 25.292426
4.345 25.284007
4.35 25.275588
4.355 25.26646
4.36 25.257332
4.365 25.248203
4.37 25.239075
4.375 25.229947
4.38 25.219865
4.385 25.209783
4.39 25.199701
4.395 25.189619
4.4 25.179537
4.405 25.168269
4.41 25.157001
4.415 25.145734
4.42 25.134466
4.425 25.123198
4.43 25.110626
4.435 25.098054
4.44 25.085482
4.445 25.072909
4.45 25.060337
4.455 25.046534
4.46 25.032731
4.465 25.018928
4.47 25.005124
4.475 24.991321
4.48 24.976521
4.485 24.961722
4.49 24.946922
4.495 24.932123
4.5 24.917323
4.505 24.901814
4.51 24.886305
4.515 24.870796
4.52 24.855287
4.525 24.839777
4.53 24.82381
4.535 24.807843
4.54 24.791876
4.545 24.775908
4.55 24.759941
4.555 24.743704
4.56 24.727467
4.565 24.71123
4.57 24.694993
4.575 24.678756
4.58 24.662381
4.585 24.646005
4.59 24.629629
4.595 24.613254
4.6 24.596878
4.605 24.580452
4.61 24.564027
4.615 24.547601
4.62 24.531176
4.625 24.51475
4.63 24.498335
4.635 24.48192
4.64 24.465505
4.645 24.449089
4.65 24.432674
4.655 24.41631
4.66 24.399946
4.665 24.383582
4.67 24.367218
4.675 24.350854
4.68 24.33457
4.685 24.318285
4.69 24.302001
4.695 24.285716
4.7 24.269432
4.705 24.253247
4.71 24.237062
4.715 24.220877
4.72 24.204692
4.725 24.188507
4.73 24.172436
4.735 24.156364
4.74 24.140293
4.745 24.124221
4.75 24.10815
4.755 24.092203
4.76 24.076255
4.765 24.060308
4.77 24.04436
4.775 24.028413
4.78 24.012597
4.785 23.996781
4.79 23.980964
4.795 23.965148
4.8 23.949332
4.805 23.933653
4.81 23.917974
4.815 23.902295
4.82 23.886616
4.825 23.870937
4.83 23.855399
4.835 23.839861
4.84 23.824324
4.845 23.808786
4.85 23.793248
4.855 23.777855
4.86 23.762461
4.865 23.747068
4.87 23.731674
4.875 23.716281
4.88 23.701034
4.885 23.685788
4.89 23.670541
4.895 23.655294
4.9 23.640048
4.905 23.62495
4.91 23.609852
4.915 23.594754
4.92 23.579656
4.925 23.564558
4.93 23.54961
4.935 23.534662
4.94 23.519714
4.945 23.504766
4.95 23.489818
4.955 23.475021
4.96 23.460224
4.965 23.445427
4.97 23.43063
4.975 23.415833
4.98 23.401187
4.985 23.386542
4.99 23.371896
4.995 23.357251
5 23.342606
5.005 23.328112
5.01 23.313619
5.015 23.299126
5.02 23.284633
5.025 23.270139
5.03 23.255798
5.035 23.241457
5.04 23.227116
5.045 23.212775
5.05 23.198435
5.055 23.184246
5.06 23.170057
5.065 23.155869
5.07 23.14168
5.075 23.127491
5.08 23.113455
5.085 23.099419
5.09 23.085383
5.095 23.071346
5.1 23.05731
5.105 23.043426
5.11 23.029541
5.115 23.015657
5.12 23.001773
5.125 22.987888
5.13 22.974155
5.135 22.960423
5.14 22.94669
5.145 22.932957
5.15 22.919225
5.155 22.905643
5.16 22.892061
5.165 22.87848
5.17 22.864898
5.175 22.851316
5.18 22.837885
5.185 22.824454
5.19 22.811023
5.195 22.797592
5.2 22.784161
5.205 22.77088
5.21 22.757599
5.215 22.744317
5.22 22.731036
5.225 22.717755
5.23 22.704623
5.235 22.691491
5.24 22.678358
5.245 22.665226
5.25 22.652094
5.255 22.63911
5.26 22.626126
5.265 22.613142
5.27 22.600158
5.275 22.587174
5.28 22.574337
5.285 22.561501
5.29 22.548664
5.295 22.535828
5.3 22.522991
5.305 22.510301
5.31 22.497611
5.315 22.48492
5.32 22.47223
5.325 22.45954
5.33 22.446995
5.335 22.43445
5.34 22.421905
5.345 22.409359
5.35 22.396814
5.355 22.384414
5.36 22.372013
5.365 22.359612
5.37 22.347211
5.375 22.334811
5.38 22.322553
5.385 22.310295
5.39 22.298037
5.395 22.28578
5.4 22.273522
5.405 22.261406
5.41 22.24929
5.415 22.237175
5.42 22.225059
5.425 22.212943
5.43 22.200968
5.435 22.188993
5.44 22.177018
5.445 22.165043
5.45 22.153068
5.455 22.141232
5.46 22.129397
5.465 22.117561
5.47 22.105726
5.475 22.09389
5.48 22.082193
5.485 22.070495
5.49 22.058798
5.495 22.047101
5.5 22.035403
5.505 22.023843
5.51 22.012282
5.515 22.000722
5.52 21.989161
5.525 21.977601
5.53 21.966176
5.535 21.954751
5.54 21.943326
5.545 21.931901
5.55 21.920476
5.555 21.909185
5.56 21.897894
5.565 21.886604
5.57 21.875313
5.575 21.864022
5.58 21.852864
5.585 21.841706
5.59 21.830549
5.595 21.819391
5.6 21.808233
5.605 21.797206
5.61 21.78618
5.615 21.775153
5.62 21.764127
5.625 21.7531
5.63 21.742204
5.635 21.731308
5.64 21.720411
5.645 21.709515
5.65 21.698618
5.655 21.68785
5.66 21.677082
5.665 21.666314
5.67 21.655547
5.675 21.644779
5.68 21.634138
5.685 21.623497
5.69 21.612856
5.695 21.602216
5.7 21.591575
5.705 21.58106
5.71 21.570545
5.715 21.56003
5.72 21.549515
5.725 21.539
5.73 21.528609
5.735 21.518218
5.74 21.507827
5.745 21.497436
5.75 21.487046
5.755 21.476778
5.76 21.46651
5.765 21.456242
5.77 21.445974
5.775 21.435706
5.78 21.425559
5.785 21.415412
5.79 21.405265
5.795 21.395119
5.8 21.384972
5.805 21.374945
5.81 21.364918
5.815 21.354891
5.82 21.344864
5.825 21.334837
5.83 21.324929
5.835 21.31502
5.84 21.305112
5.845 21.295203
5.85 21.285294
5.855 21.275503
5.86 21.265711
5.865 21.255919
5.87 21.246127
5.875 21.236336
5.88 21.226659
5.885 21.216983
5.89 21.207307
5.895 21.19763
5.9 21.187954
5.905 21.178391
5.91 21.168829
5.915 21.159266
5.92 21.149704
5.925 21.140141
5.93 21.130691
5.935 21.121241
5.94 21.111791
5.945 21.102341
5.95 21.092891
5.955 21.083552
5.96 21.074213
5.965 21.064873
5.97 21.055534
5.975 21.046195
5.98 21.036965
5.985 21.027736
5.99 21.018506
5.995 21.009276
6 21.000047
6.005 20.990925
6.01 20.981803
6.015 20.972681
6.02 20.96356
6.025 20.954438
6.03 20.945423
6.035 20.936407
6.04 20.927392
6.045 20.918377
6.05 20.909362
6.055 20.900452
6.06 20.891541
6.065 20.882631
6.07 20.873721
6.075 20.864811
6.08 20.856004
6.085 20.847197
6.09 20.838391
6.095 20.829584
6.1 20.820777
6.105 20.812073
6.11 20.803369
6.115 20.794664
6.12 20.78596
6.125 20.777255
6.13 20.768651
6.135 20.760048
6.14 20.751444
6.145 20.74284
6.15 20.734236
6.155 20.725732
6.16 20.717227
6.165 20.708723
6.17 20.700218
6.175 20.691714
6.18 20.683307
6.185 20.6749
6.19 20.666494
6.195 20.658087
6.2 20.64968
6.205 20.64137
6.21 20.63306
6.215 20.62475
6.22 20.61644
6.225 20.608129
6.23 20.599914
6.235 20.591699
6.24 20.583484
6.245 20.575269
6.25 20.567054
6.255 20.558932
6.26 20.550811
6.265 20.542689
6.27 20.534568
6.275 20.526446
6.28 20.518417
6.285 20.510388
6.29 20.502359
6.295 20.494329
6.3 20.4863
6.305 20.478362
6.31 20.470424
6.315 20.462485
6.32 20.454547
6.325 20.446609
6.33 20.43876
6.335 20.430911
6.34 20.423063
6.345 20.415214
6.35 20.407365
6.355 20.399605
6.36 20.391844
6.365 20.384084
6.37 20.376324
6.375 20.368563
6.38 20.36089
6.385 20.353216
6.39 20.345543
6.395 20.337869
6.4 20.330195
6.405 20.322608
6.41 20.31502
6.415 20.307432
6.42 20.299844
6.425 20.292256
6.43 20.284752
6.435 20.277249
6.44 20.269745
6.445 20.262242
6.45 20.254738
6.455 20.247318
6.46 20.239897
6.465 20.232477
6.47 20.225056
6.475 20.217635
6.48 20.210297
6.485 20.202958
6.49 20.195619
6.495 20.188281
6.5 20.180942
6.505 20.173684
6.51 20.166426
6.515 20.159167
6.52 20.151909
6.525 20.144651
6.53 20.137472
6.535 20.130293
6.54 20.123114
6.545 20.115935
6.55 20.108756
6.555 20.101656
6.56 20.094555
6.565 20.087454
6.57 20.080353
6.575 20.073252
6.58 20.066228
6.585 20.059205
6.59 20.052181
6.595 20.045157
6.6 20.038133
6.605 20.031185
6.61 20.024237
6.615 20.017288
6.62 20.01034
6.625 20.003392
6.63 19.996518
6.635 19.989645
6.64 19.982771
6.645 19.975897
6.65 19.969024
6.655 19.962223
6.66 19.955423
6.665 19.948623
6.67 19.941822
6.675 19.935022
6.68 19.928294
6.685 19.921566
6.69 19.914838
6.695 19.90811
6.7 19.901382
6.705 19.894725
6.71 19.888068
6.715 19.881411
6.72 19.874755
6.725 19.868098
6.73 19.861511
6.735 19.854924
6.74 19.848337
6.745 19.841751
6.75 19.835164
6.755 19.828646
6.76 19.822128
6.765 19.81561
6.77 19.809092
6.775 19.802574
6.78 19.796124
6.785 19.789674
6.79 19.783224
6.795 19.776774
6.8 19.770324
6.805 19.763941
6.81 19.757558
6.815 19.751175
6.82 19.744792
6.825 19.738409
6.83 19.732091
6.835 19.725774
6.84 19.719457
6.845 19.71314
6.85 19.706822
6.855 19.70057
6.86 19.694317
6.865 19.688065
6.87 19.681812
6.875 19.67556
6.88 19.669371
6.885 19.663182
6.89 19.656993
6.895 19.650805
6.9 19.644616
6.905 19.63849
6.91 19.632364
6.915 19.626238
6.92 19.620112
6.925 19.613986
6.93 19.607922
6.935 19.601858
6.94 19.595794
6.945 19.58973
6.95 19.583666
6.955 19.577663
6.96 19.57166
6.965 19.565657
6.97 19.559654
6.975 19.553651
6.98 19.547707
6.985 19.541764
6.99 19.535821
6.995 19.529878
7 19.523936
7.005 19.518034
7.01 19.512133
7.015 19.506254
7.02 19.500376
7.025 19.494515
7.03 19.488667
7.035 19.482835
7.04 19.477003
7.045 19.471194
7.05 19.465386
7.055 19.4596
7.06 19.453815
7.065 19.448052
7.07 19.442289
7.075 19.436542
7.08 19.430808
7.085 19.425091
7.09 19.419373
7.095 19.413677
7.1 19.407982
7.105 19.402309
7.11 19.396636
7.115 19.390985
7.12 19.385334
7.125 19.379698
7.13 19.374076
7.135 19.368469
7.14 19.362861
7.145 19.357275
7.15 19.35169
7.155 19.346126
7.16 19.340563
7.165 19.33502
7.17 19.329478
7.175 19.32395
7.18 19.318435
7.185 19.312935
7.19 19.307436
7.195 19.301956
7.2 19.296478
7.205 19.29102
7.21 19.285562
7.215 19.280125
7.22 19.274688
7.225 19.269265
7.23 19.263855
7.235 19.258459
7.24 19.253064
7.245 19.247688
7.25 19.242313
7.255 19.236958
7.26 19.231603
7.265 19.226269
7.27 19.220934
7.275 19.215613
7.28 19.210305
7.285 19.20501
7.29 19.199715
7.295 19.19444
7.3 19.189166
7.305 19.183911
7.31 19.178656
7.315 19.173421
7.32 19.168186
7.325 19.162964
7.33 19.157755
7.335 19.152558
7.34 19.147362
7.345 19.142185
7.35 19.137008
7.355 19.131851
7.36 19.126693
7.365 19.121555
7.37 19.116416
7.375 19.111291
7.38 19.106177
7.385 19.101076
7.39 19.095976
7.395 19.090893
7.4 19.085812
7.405 19.080749
7.41 19.075686
7.415 19.070642
7.42 19.065597
7.425 19.060565
7.43 19.055545
7.435 19.050538
7.44 19.04553
7.445 19.04054
7.45 19.035552
7.455 19.030581
7.46 19.02561
7.465 19.020657
7.47 19.015704
7.475 19.010763
7.48 19.005834
7.485 19.000917
7.49 18.996
7.495 18.9911
7.5 18.986202
7.505 18.98132
7.51 18.976439
7.515 18.971575
7.52 18.966712
7.525 18.96186
7.53 18.957019
7.535 18.952191
7.54 18.947362
7.545 18.94255
7.55 18.937739
7.555 18.932945
7.56 18.928151
7.565 18.923374
7.57 18.918598
7.575 18.913833
7.58 18.909078
7.585 18.904335
7.59 18.899593
7.595 18.894867
7.6 18.890141
7.605 18.885433
7.61 18.880724
7.615 18.876032
7.62 18.87134
7.625 18.86666
7.63 18.86199
7.635 18.857331
7.64 18.852672
7.645 18.84803
7.65 18.843388
7.655 18.838763
7.66 18.834137
7.665 18.829528
7.67 18.824919
7.675 18.820321
7.68 18.815734
7.685 18.811157
7.69 18.80658
7.695 18.80202
7.7 18.79746
7.705 18.792916
7.71 18.788372
7.715 18.783844
7.72 18.779315
7.725 18.774798
7.73 18.770291
7.735 18.765795
7.74 18.761299
7.745 18.756818
7.75 18.752338
7.755 18.747874
7.76 18.743409
7.765 18.73896
7.77 18.734512
7.775 18.730073
7.78 18.725645
7.785 18.721228
7.79 18.716811
7.795 18.712408
7.8 18.708007
7.805 18.70362
7.81 18.699234
7.815 18.694863
7.82 18.690492
7.825 18.686131
7.83 18.681781
7.835 18.67744
7.84 18.6731
7.845 18.668775
7.85 18.66445
7.855 18.660141
7.86 18.655831
7.865 18.651536
7.87 18.647242
7.875 18.642957
7.88 18.638683
7.885 18.634419
7.89 18.630154
7.895 18.625904
7.9 18.621656
7.905 18.617421
7.91 18.613187
7.915 18.608968
7.92 18.604748
7.925 18.600539
7.93 18.596339
7.935 18.59215
7.94 18.58796
7.945 18.583785
7.95 18.579611
7.955 18.575451
7.96 18.571291
7.965 18.567146
7.97 18.563001
7.975 18.558866
7.98 18.55474
7.985 18.550625
7.99 18.546509
7.995 18.542407
8 18.538307
8.005 18.53422
8.01 18.530134
8.015 18.526062
8.02 18.52199
8.025 18.517926
8.03 18.513871
8.035 18.509826
8.04 18.50578
8.045 18.501747
8.05 18.497714
8.055 18.493695
8.06 18.489675
8.065 18.485668
8.07 18.481662
8.075 18.477663
8.08 18.473673
8.085 18.469692
8.09 18.46571
8.095 18.461741
8.1 18.457772
8.105 18.453815
8.11 18.449858
8.115 18.445914
8.12 18.441968
8.125 18.438032
8.13 18.434103
8.135 18.430182
8.14 18.426261
8.145 18.422352
8.15 18.418443
8.155 18.414545
8.16 18.410648
8.165 18.406762
8.17 18.402875
8.175 18.398996
8.18 18.395125
8.185 18.391261
8.19 18.387398
8.195 18.383544
8.2 18.379691
8.205 18.375849
8.21 18.372006
8.215 18.368175
8.22 18.364343
8.225 18.360517
8.23 18.3567
8.235 18.352889
8.24 18.349077
8.245 18.345277
8.25 18.341475
8.255 18.337685
8.26 18.333892
8.265 18.330112
8.27 18.326329
8.275 18.322553
8.28 18.318785
8.285 18.315023
8.29 18.311259
8.295 18.307505
8.3 18.303751
8.305 18.300006
8.31 18.29626
8.315 18.292524
8.32 18.288788
8.325 18.285055
8.33 18.281331
8.335 18.277611
8.34 18.273891
8.345 18.270179
8.35 18.266467
8.355 18.262764
8.36 18.259058
8.365 18.255362
8.37 18.251664
8.375 18.247971
8.38 18.244285
8.385 18.240603
8.39 18.23692
8.395 18.233244
8.4 18.229567
8.405 18.225899
8.41 18.222228
8.415 18.218565
8.42 18.214901
8.425 18.211239
8.43 18.207586
8.435 18.203935
8.44 18.200281
8.445 18.196635
8.45 18.192987
8.455 18.189346
8.46 18.185703
8.465 18.182067
8.47 18.178429
8.475 18.174792
8.48 18.171163
8.485 18.167535
8.49 18.163905
8.495 18.16028
8.5 18.156655
8.505 18.153034
8.51 18.149411
8.515 18.145792
8.52 18.142173
8.525 18.138552
8.53 18.13494
8.535 18.131326
8.54 18.127711
8.545 18.124099
8.55 18.120486
8.555 18.116876
8.56 18.113264
8.565 18.109654
8.57 18.106044
8.575 18.10243
8.58 18.098825
8.585 18.095217
8.59 18.091607
8.595 18.087998
8.6 18.084388
8.605 18.080779
8.61 18.077168
8.615 18.073557
8.62 18.069945
8.625 18.066328
8.63 18.06272
8.635 18.059106
8.64 18.055491
8.645 18.051873
8.65 18.048256
8.655 18.044636
8.66 18.041015
8.665 18.037393
8.67 18.033768
8.675 18.030135
8.68 18.026513
8.685 18.022881
8.69 18.019248
8.695 18.015612
8.7 18.011974
8.705 18.008332
8.71 18.00469
8.715 18.001042
8.72 17.997393
8.725 17.993733
8.73 17.990084
8.735 17.986423
8.74 17.982761
8.745 17.979092
8.75 17.975423
8.755 17.971748
8.76 17.96807
8.765 17.964386
8.77 17.9607
8.775 17.957001
8.78 17.953314
8.785 17.949611
8.79 17.945908
8.795 17.942196
8.8 17.938484
8.805 17.934762
8.81 17.93104
8.815 17.927308
8.82 17.923576
8.825 17.919827
8.83 17.91609
8.835 17.912337
8.84 17.908583
8.845 17.904819
8.85 17.901055
8.855 17.897278
8.86 17.893504
8.865 17.889717
8.87 17.88593
8.875 17.882125
8.88 17.878333
8.885 17.874524
8.89 17.870715
8.895 17.866893
8.9 17.863073
8.905 17.859241
8.91 17.85541
8.915 17.851567
8.92 17.847725
8.925 17.843865
8.93 17.840019
8.935 17.836155
8.94 17.832292
8.945 17.828418
8.95 17.824546
8.955 17.820663
8.96 17.816782
8.965 17.81289
8.97 17.809001
8.975 17.805096
8.98 17.801204
8.985 17.797298
8.99 17.793394
8.995 17.789482
9 17.785573
9.005 17.781655
9.01 17.777741
9.015 17.773821
9.02 17.769903
9.025 17.765977
9.03 17.762059
9.035 17.758135
9.04 17.754214
9.045 17.750289
9.05 17.746368
9.055 17.742445
9.06 17.738525
9.065 17.734606
9.07 17.730689
9.075 17.726772
9.08 17.722861
9.085 17.718952
9.09 17.715046
9.095 17.711144
9.1 17.707246
9.105 17.703353
9.11 17.699464
9.115 17.695582
9.12 17.691703
9.125 17.687834
9.13 17.683967
9.135 17.68011
9.14 17.676258
9.145 17.672417
9.15 17.668579
9.155 17.664754
9.16 17.660933
9.165 17.657127
9.17 17.653324
9.175 17.649538
9.18 17.645752
9.185 17.641984
9.19 17.638221
9.195 17.634474
9.2 17.630732
9.205 17.627009
9.21 17.623289
9.215 17.619588
9.22 17.615891
9.225 17.612217
9.23 17.608543
9.235 17.604891
9.24 17.601244
9.245 17.597618
9.25 17.593995
9.255 17.590395
9.26 17.5868
9.265 17.583226
9.27 17.579657
9.275 17.576113
9.28 17.572568
9.285 17.569048
9.29 17.565532
9.295 17.56204
9.3 17.558552
9.305 17.555087
9.31 17.551625
9.315 17.548187
9.32 17.544754
9.325 17.541346
9.33 17.537937
9.335 17.534553
9.34 17.531174
9.345 17.527818
9.35 17.524466
9.355 17.521137
9.36 17.517811
9.365 17.514509
9.37 17.51121
9.375 17.507936
9.38 17.50466
9.385 17.501409
9.39 17.498162
9.395 17.494936
9.4 17.491715
9.405 17.488515
9.41 17.485319
9.415 17.482143
9.42 17.478971
9.425 17.475821
9.43 17.472671
9.435 17.469543
9.44 17.466419
9.445 17.463314
9.45 17.460214
9.455 17.457132
9.46 17.454053
9.465 17.450993
9.47 17.447937
9.475 17.444901
9.48 17.441864
9.485 17.438847
9.49 17.435834
9.495 17.432836
9.5 17.429844
9.505 17.426868
9.51 17.423895
9.515 17.420938
9.52 17.417985
9.525 17.415049
9.53 17.412114
9.535 17.409194
9.54 17.406279
9.545 17.403377
9.55 17.400481
9.555 17.397597
9.56 17.394718
9.565 17.391851
9.57 17.388989
9.575 17.38614
9.58 17.383294
9.585 17.38046
9.59 17.377631
9.595 17.374814
9.6 17.372
9.605 17.369198
9.61 17.366401
9.615 17.363614
9.62 17.360831
9.625 17.358058
9.63 17.35529
9.635 17.352532
9.64 17.349777
9.645 17.347033
9.65 17.344293
9.655 17.341562
9.66 17.338835
9.665 17.336118
9.67 17.333404
9.675 17.330698
9.68 17.327997
9.685 17.325305
9.69 17.322617
9.695 17.319936
9.7 17.317259
9.705 17.314591
9.71 17.311926
9.715 17.309269
9.72 17.306616
9.725 17.30397
9.73 17.301328
9.735 17.298693
9.74 17.296063
9.745 17.293438
9.75 17.290817
9.755 17.288204
9.76 17.285594
9.765 17.28299
9.77 17.280391
9.775 17.277796
9.78 17.275206
9.785 17.272623
9.79 17.270042
9.795 17.267468
9.8 17.264897
9.805 17.262332
9.81 17.259769
9.815 17.257214
9.82 17.254661
9.825 17.252113
9.83 17.24957
9.835 17.247031
9.84 17.244495
9.845 17.241965
9.85 17.239438
9.855 17.236917
9.86 17.234398
9.865 17.231884
9.87 17.229373
9.875 17.226866
9.88 17.224364
9.885 17.221867
9.89 17.219371
9.895 17.21688
9.9 17.214393
9.905 17.21191
9.91 17.20943
9.915 17.206954
9.92 17.204482
9.925 17.202013
9.93 17.199547
9.935 17.197086
9.94 17.194627
9.945 17.192172
9.95 17.189721
9.955 17.187273
9.96 17.184828
9.965 17.182386
9.97 17.179948
9.975 17.177512
9.98 17.175082
9.985 17.172654
9.99 17.170228
9.995 17.167805
10 17.165383
10.005 17.162962
10.01 17.160541
10.015 17.158121
10.02 17.155702
10.025 17.153284
10.03 17.150868
10.035 17.148453
10.04 17.146038
10.045 17.143625
10.05 17.141213
10.055 17.138802
10.06 17.136391
10.065 17.133982
10.07 17.131574
10.075 17.129167
10.08 17.126761
10.085 17.124358
10.09 17.121954
10.095 17.119552
10.1 17.117151
10.105 17.114751
10.11 17.112352
10.115 17.109956
10.12 17.107559
10.125 17.105164
10.13 17.102771
10.135 17.100379
10.14 17.097988
10.145 17.095598
10.15 17.09321
10.155 17.090823
10.16 17.088437
10.165 17.086054
10.17 17.08367
10.175 17.081288
10.18 17.078908
10.185 17.07653
10.19 17.074152
10.195 17.071776
10.2 17.069401
10.205 17.067028
10.21 17.064656
10.215 17.062286
10.22 17.059916
10.225 17.057548
10.23 17.055183
10.235 17.052819
10.24 17.050455
10.245 17.048093
10.25 17.045732
10.255 17.043374
10.26 17.041016
10.265 17.038661
10.27 17.036306
10.275 17.033953
10.28 17.031602
10.285 17.029253
10.29 17.026904
10.295 17.024557
10.3 17.022212
10.305 17.019869
10.31 17.017526
10.315 17.015186
10.32 17.012846
10.325 17.010508
10.33 17.008172
10.335 17.005839
10.34 17.003505
10.345 17.001174
10.35 16.998844
10.355 16.996516
10.36 16.994189
10.365 16.991865
10.37 16.989541
10.375 16.987218
10.38 16.984899
10.385 16.982581
10.39 16.980263
10.395 16.977948
10.4 16.975634
10.405 16.973322
10.41 16.971011
10.415 16.968703
10.42 16.966395
10.425 16.964088
10.43 16.961785
10.435 16.959483
10.44 16.957181
10.445 16.954882
10.45 16.952584
10.455 16.950289
10.46 16.947994
10.465 16.945702
10.47 16.94341
10.475 16.941121
10.48 16.938833
10.485 16.936548
10.49 16.934262
10.495 16.93198
10.5 16.929699
10.505 16.92742
10.51 16.925141
10.515 16.922866
10.52 16.920591
10.525 16.918317
10.53 16.916047
10.535 16.913778
10.54 16.911509
10.545 16.909244
10.55 16.906979
10.555 16.904717
10.56 16.902455
10.565 16.900196
10.57 16.897937
10.575 16.895681
10.58 16.893427
10.585 16.891175
10.59 16.888923
10.595 16.886674
10.6 16.884426
10.605 16.88218
10.61 16.879935
10.615 16.877693
10.62 16.875451
10.625 16.873212
10.63 16.870974
10.635 16.868739
10.64 16.866504
10.645 16.864272
10.65 16.862041
10.655 16.859812
10.66 16.857584
10.665 16.855359
10.67 16.853134
10.675 16.850911
10.68 16.848691
10.685 16.846472
10.69 16.844254
10.695 16.84204
10.7 16.839824
10.705 16.837613
10.71 16.835401
10.715 16.833193
10.72 16.830985
10.725 16.828779
10.73 16.826576
10.735 16.824374
10.74 16.822173
10.745 16.819975
10.75 16.817777
10.755 16.815582
10.76 16.813388
10.765 16.811196
10.77 16.809005
10.775 16.806817
10.78 16.804629
10.785 16.802445
10.79 16.80026
10.795 16.798079
10.8 16.795898
10.805 16.79372
10.81 16.791543
10.815 16.789368
10.82 16.787194
10.825 16.785023
10.83 16.782852
10.835 16.780684
10.84 16.778516
10.845 16.776352
10.85 16.774188
10.855 16.772027
10.86 16.769866
10.865 16.767708
10.87 16.765551
10.875 16.763396
10.88 16.761242
10.885 16.759091
10.89 16.75694
10.895 16.754793
10.9 16.752645
10.905 16.750501
10.91 16.748357
10.915 16.746216
10.92 16.744075
10.925 16.741938
10.93 16.739801
10.935 16.737667
10.94 16.735532
10.945 16.733401
10.95 16.731271
10.955 16.729143
10.96 16.727016
10.965 16.724892
10.97 16.722768
10.975 16.720646
10.98 16.718526
10.985 16.716408
10.99 16.714291
10.995 16.712177
11 16.710063
11.005 16.707952
11.01 16.705841
11.015 16.703733
11.02 16.701626
11.025 16.699521
11.03 16.697417
11.035 16.695316
11.04 16.693215
11.045 16.691117
11.05 16.68902
11.055 16.686926
11.06 16.684831
11.065 16.68274
11.07 16.680649
11.075 16.678561
11.08 16.676474
11.085 16.674389
11.09 16.672305
11.095 16.670224
11.1 16.668142
11.105 16.666064
11.11 16.663986
11.115 16.661911
11.12 16.659837
11.125 16.657764
11.13 16.655694
11.135 16.653626
11.14 16.651558
11.145 16.649493
11.15 16.647428
11.155 16.645366
11.16 16.643304
11.165 16.641246
11.17 16.639188
11.175 16.637132
11.18 16.635077
11.185 16.633025
11.19 16.630973
11.195 16.628924
11.2 16.626876
11.205 16.62483
11.21 16.622785
11.215 16.620743
11.22 16.6187
11.225 16.616661
11.23 16.614622
11.235 16.612586
11.24 16.610551
11.245 16.608518
11.25 16.606485
11.255 16.604456
11.26 16.602426
11.265 16.6004
11.27 16.598374
11.275 16.596351
11.28 16.594327
11.285 16.592308
11.29 16.590288
11.295 16.588271
11.3 16.586254
11.305 16.584241
11.31 16.582227
11.315 16.580217
11.32 16.578206
11.325 16.576199
11.33 16.574192
11.335 16.572188
11.34 16.570184
11.345 16.568183
11.35 16.566182
11.355 16.564184
11.36 16.562186
11.365 16.560192
11.37 16.558197
11.375 16.556206
11.38 16.554214
11.385 16.552226
11.39 16.550238
11.395 16.548252
11.4 16.546267
11.405 16.544285
11.41 16.542303
11.415 16.540324
11.42 16.538345
11.425 16.536368
11.43 16.534393
11.435 16.53242
11.44 16.530447
11.445 16.528478
11.45 16.526508
11.455 16.524541
11.46 16.522574
11.465 16.520611
11.47 16.518647
11.475 16.516686
11.48 16.514726
11.485 16.512769
11.49 16.510811
11.495 16.508857
11.5 16.506903
11.505 16.504951
11.51 16.503
11.515 16.501052
11.52 16.499103
11.525 16.497158
11.53 16.495213
11.535 16.493271
11.54 16.491329
11.545 16.48939
11.55 16.487451
11.555 16.485515
11.56 16.483579
11.565 16.481646
11.57 16.479713
11.575 16.477783
11.58 16.475852
11.585 16.473926
11.59 16.471999
11.595 16.470075
11.6 16.468151
11.605 16.46623
11.61 16.464309
11.615 16.462391
11.62 16.460473
11.625 16.458557
11.63 16.456643
11.635 16.454731
11.64 16.452819
11.645 16.45091
11.65 16.449001
11.655 16.447094
11.66 16.445188
11.665 16.443285
11.67 16.441382
11.675 16.439482
11.68 16.437582
11.685 16.435685
11.69 16.433788
11.695 16.431894
11.7 16.429999
11.705 16.428108
11.71 16.426216
11.715 16.424328
11.72 16.42244
11.725 16.420554
11.73 16.418669
11.735 16.416787
11.74 16.414904
11.745 16.413025
11.75 16.411145
11.755 16.409268
11.76 16.407392
11.765 16.405518
11.77 16.403644
11.775 16.401773
11.78 16.399903
11.785 16.398035
11.79 16.396167
11.795 16.394302
11.8 16.392437
11.805 16.390574
11.81 16.388712
11.815 16.386853
11.82 16.384994
11.825 16.383137
11.83 16.381281
11.835 16.379428
11.84 16.377574
11.845 16.375724
11.85 16.373873
11.855 16.372025
11.86 16.370177
11.865 16.368332
11.87 16.366487
11.875 16.364645
11.88 16.362803
11.885 16.360964
11.89 16.359125
11.895 16.357288
11.9 16.355452
11.905 16.353618
11.91 16.351785
11.915 16.349954
11.92 16.348123
11.925 16.346295
11.93 16.344467
11.935 16.342642
11.94 16.340817
11.945 16.338995
11.95 16.337172
11.955 16.335353
11.96 16.333533
11.965 16.331717
11.97 16.3299
11.975 16.328086
11.98 16.326272
11.985 16.324461
11.99 16.32265
11.995 16.320841
12 16.319033
12.005 16.317227
12.01 16.315422
12.015 16.313619
12.02 16.311816
12.025 16.310016
12.03 16.308216
12.035 16.306418
12.04 16.304621
12.045 16.302827
12.05 16.301032
12.055 16.29924
12.06 16.297449
12.065 16.295659
12.07 16.29387
12.075 16.292084
12.08 16.290298
12.085 16.288514
12.09 16.28673
12.095 16.28495
12.1 16.283169
12.105 16.28139
12.11 16.279612
12.115 16.277837
12.12 16.276061
12.125 16.274288
12.13 16.272516
12.135 16.270746
12.14 16.268976
12.145 16.267208
12.15 16.265441
12.155 16.263676
12.16 16.261912
12.165 16.26015
12.17 16.258388
12.175 16.256628
12.18 16.254869
12.185 16.253112
12.19 16.251356
12.195 16.249602
12.2 16.247848
12.205 16.246096
12.21 16.244345
12.215 16.242596
12.22 16.240848
12.225 16.239101
12.23 16.237356
12.235 16.235612
12.24 16.233869
12.245 16.232129
12.25 16.230388
12.255 16.22865
12.26 16.226911
12.265 16.225176
12.27 16.223441
12.275 16.221707
12.28 16.219975
12.285 16.218245
12.29 16.216514
12.295 16.214787
12.3 16.213059
12.305 16.211334
12.31 16.209609
12.315 16.207887
12.32 16.206164
12.325 16.204444
12.33 16.202725
12.335 16.201008
12.34 16.19929
12.345 16.197576
12.35 16.195861
12.355 16.194149
12.36 16.192437
12.365 16.190728
12.37 16.189018
12.375 16.187311
12.38 16.185604
12.385 16.1839
12.39 16.182196
12.395 16.180494
12.4 16.178792
12.405 16.177093
12.41 16.175394
12.415 16.173697
12.42 16.172
12.425 16.170306
12.43 16.168612
12.435 16.16692
12.44 16.165229
12.445 16.16354
12.45 16.161851
12.455 16.160164
12.46 16.158478
12.465 16.156794
12.47 16.15511
12.475 16.153428
12.48 16.151747
12.485 16.150068
12.49 16.148389
12.495 16.146712
12.5 16.145036
12.505 16.143362
12.51 16.141688
12.515 16.140017
12.52 16.138345
12.525 16.136676
12.53 16.135007
12.535 16.133341
12.54 16.131674
12.545 16.13001
12.55 16.128346
12.555 16.126685
12.56 16.125023
12.565 16.123364
12.57 16.121705
12.575 16.120048
12.58 16.118392
12.585 16.116738
12.59 16.115083
12.595 16.113432
12.6 16.11178
12.605 16.110131
12.61 16.108482
12.615 16.106835
12.62 16.105188
12.625 16.103543
12.63 16.1019
12.635 16.100258
12.64 16.098616
12.645 16.096976
12.65 16.095337
12.655 16.0937
12.66 16.092063
12.665 16.090428
12.67 16.088793
12.675 16.087161
12.68 16.085529
12.685 16.083899
12.69 16.082269
12.695 16.080642
12.7 16.079014
12.705 16.077389
12.71 16.075764
12.715 16.074142
12.72 16.072519
12.725 16.070899
12.73 16.069279
12.735 16.067661
12.74 16.066043
12.745 16.064428
12.75 16.062812
12.755 16.061199
12.76 16.059586
12.765 16.057975
12.77 16.056364
12.775 16.054756
12.78 16.053148
12.785 16.051542
12.79 16.049936
12.795 16.048332
12.8 16.046729
12.805 16.045127
12.81 16.043526
12.815 16.041927
12.82 16.040328
12.825 16.038731
12.83 16.037135
12.835 16.035541
12.84 16.033947
12.845 16.032355
12.85 16.030763
12.855 16.029173
12.86 16.027584
12.865 16.025996
12.87 16.024409
12.875 16.022824
12.88 16.021239
12.885 16.019657
12.89 16.018074
12.895 16.016494
12.9 16.014913
12.905 16.013335
12.91 16.011757
12.915 16.010181
12.92 16.008606
12.925 16.007032
12.93 16.005459
12.935 16.003888
12.94 16.002317
12.945 16.000748
12.95 15.999179
12.955 15.997612
12.96 15.996046
12.965 15.994481
12.97 15.992917
12.975 15.991355
12.98 15.989793
12.985 15.988233
12.99 15.986673
12.995 15.985116
13 15.983558
13.005 15.982003
13.01 15.980448
13.015 15.978895
13.02 15.977342
13.025 15.975791
13.03 15.97424
13.035 15.972692
13.04 15.971144
13.045 15.969597
13.05 15.968051
13.055 15.966507
13.06 15.964963
13.065 15.963421
13.07 15.961879
13.075 15.960339
13.08 15.9588
13.085 15.957263
13.09 15.955725
13.095 15.95419
13.1 15.952655
13.105 15.951122
13.11 15.949589
13.115 15.948058
13.12 15.946528
13.125 15.944999
13.13 15.943471
13.135 15.941944
13.14 15.940418
13.145 15.938894
13.15 15.93737
13.155 15.935848
13.16 15.934326
13.165 15.932806
13.17 15.931286
13.175 15.929768
13.18 15.928251
13.185 15.926736
13.19 15.92522
13.195 15.923707
13.2 15.922194
13.205 15.920683
13.21 15.919172
13.215 15.917663
13.22 15.916154
13.225 15.914647
13.23 15.91314
13.235 15.911636
13.24 15.910131
13.245 15.908629
13.25 15.907126
13.255 15.905626
13.26 15.904125
13.265 15.902627
13.27 15.901129
13.275 15.899633
13.28 15.898137
13.285 15.896643
13.29 15.895149
13.295 15.893657
13.3 15.892166
13.305 15.890676
13.31 15.889186
13.315 15.887699
13.32 15.886211
13.325 15.884725
13.33 15.88324
13.335 15.881757
13.34 15.880274
13.345 15.878793
13.35 15.877311
13.355 15.875832
13.36 15.874353
13.365 15.872876
13.37 15.871399
13.375 15.869924
13.38 15.868449
13.385 15.866976
13.39 15.865503
13.395 15.864033
13.4 15.862562
13.405 15.861093
13.41 15.859625
13.415 15.858158
13.42 15.856692
13.425 15.855227
13.43 15.853763
13.435 15.8523
13.44 15.850838
13.445 15.849377
13.45 15.847917
13.455 15.846458
13.46 15.845
13.465 15.843544
13.47 15.842088
13.475 15.840633
13.48 15.839179
13.485 15.837727
13.49 15.836275
13.495 15.834825
13.5 15.833375
13.505 15.831926
13.51 15.830478
13.515 15.829032
13.52 15.827586
13.525 15.826142
13.53 15.824698
13.535 15.823256
13.54 15.821814
13.545 15.820374
13.55 15.818934
13.555 15.817496
13.56 15.816058
13.565 15.814622
13.57 15.813186
13.575 15.811752
13.58 15.810318
13.585 15.808887
13.59 15.807455
13.595 15.806025
13.6 15.804595
13.605 15.803167
13.61 15.801739
13.615 15.800313
13.62 15.798887
13.625 15.797463
13.63 15.796039
13.635 15.794617
13.64 15.793195
13.645 15.791775
13.65 15.790355
13.655 15.788937
13.66 15.787519
13.665 15.786103
13.67 15.784687
13.675 15.783273
13.68 15.781859
13.685 15.780447
13.69 15.779035
13.695 15.777625
13.7 15.776214
13.705 15.774806
13.71 15.773398
13.715 15.771992
13.72 15.770586
13.725 15.769181
13.73 15.767777
13.735 15.766375
13.74 15.764973
13.745 15.763572
13.75 15.762172
13.755 15.760773
13.76 15.759375
13.765 15.757978
13.77 15.756582
13.775 15.755187
13.78 15.753793
13.785 15.7524
13.79 15.751007
13.795 15.749617
13.8 15.748226
13.805 15.746837
13.81 15.745448
13.815 15.744062
13.82 15.742675
13.825 15.741289
13.83 15.739905
13.835 15.738522
13.84 15.737139
13.845 15.735757
13.85 15.734376
13.855 15.732997
13.86 15.731618
13.865 15.73024
13.87 15.728863
13.875 15.727487
13.88 15.726112
13.885 15.724738
13.89 15.723365
13.895 15.721993
13.9 15.720622
13.905 15.719252
13.91 15.717882
13.915 15.716514
13.92 15.715146
13.925 15.713779
13.93 15.712414
13.935 15.71105
13.94 15.709686
13.945 15.708323
13.95 15.706961
13.955 15.7056
13.96 15.70424
13.965 15.702881
13.97 15.701523
13.975 15.700166
13.98 15.698809
13.985 15.697454
13.99 15.696099
13.995 15.694746
14 15.693394
14.005 15.692044
14.01 15.690694
14.015 15.689344
14.02 15.687994
14.025 15.686645
14.03 15.685299
14.035 15.683954
14.04 15.682609
14.045 15.681264
14.05 15.679918
14.055 15.678578
14.06 15.677237
14.065 15.675896
14.07 15.674556
14.075 15.673215
14.08 15.671879
14.085 15.670543
14.09 15.669207
14.095 15.667871
14.1 15.666535
14.105 15.665203
14.11 15.663872
14.115 15.66254
14.12 15.661208
14.125 15.659877
14.13 15.65855
14.135 15.657223
14.14 15.655896
14.145 15.654569
14.15 15.653241
14.155 15.651919
14.16 15.650596
14.165 15.649274
14.17 15.647951
14.175 15.646629
14.18 15.64531
14.185 15.643992
14.19 15.642674
14.195 15.641356
14.2 15.640038
14.205 15.638724
14.21 15.63741
14.215 15.636097
14.22 15.634783
14.225 15.633469
14.23 15.63216
14.235 15.630851
14.24 15.629541
14.245 15.628232
14.25 15.626923
14.255 15.625618
14.26 15.624313
14.265 15.623008
14.27 15.621703
14.275 15.620398
14.28 15.619098
14.285 15.617797
14.29 15.616497
14.295 15.615196
14.3 15.613896
14.305 15.6126
14.31 15.611304
14.315 15.610007
14.32 15.608711
14.325 15.607415
14.33 15.606123
14.335 15.604831
14.34 15.60354
14.345 15.602248
14.35 15.600956
14.355 15.599668
14.36 15.598381
14.365 15.597093
14.37 15.595806
14.375 15.594518
14.38 15.593235
14.385 15.591952
14.39 15.590669
14.395 15.589385
14.4 15.588102
14.405 15.586823
14.41 15.585544
14.415 15.584265
14.42 15.582986
14.425 15.581707
14.43 15.580433
14.435 15.579158
14.44 15.577883
14.445 15.576609
14.45 15.575334
14.455 15.574063
14.46 15.572793
14.465 15.571522
14.47 15.570252
14.475 15.568981
14.48 15.567715
14.485 15.566449
14.49 15.565182
14.495 15.563916
14.5 15.56265
14.505 15.561388
14.51 15.560126
14.515 15.558864
14.52 15.557602
14.525 15.55634
14.53 15.555082
14.535 15.553824
14.54 15.552566
14.545 15.551308
14.55 15.55005
14.555 15.548796
14.56 15.547542
14.565 15.546288
14.57 15.545035
14.575 15.543781
14.58 15.542531
14.585 15.541282
14.59 15.540032
14.595 15.538782
14.6 15.537533
14.605 15.536287
14.61 15.535042
14.615 15.533796
14.62 15.532551
14.625 15.531305
14.63 15.530064
14.635 15.528822
14.64 15.527581
14.645 15.526339
14.65 15.525098
14.655 15.52386
14.66 15.522623
14.665 15.521386
14.67 15.520148
14.675 15.518911
14.68 15.517677
14.685 15.516444
14.69 15.515211
14.695 15.513977
14.7 15.512744
14.705 15.511515
14.71 15.510286
14.715 15.509056
14.72 15.507827
14.725 15.506598
14.73 15.505372
14.735 15.504147
14.74 15.502922
14.745 15.501697
14.75 15.500471
14.755 15.49925
14.76 15.498029
14.765 15.496807
14.77 15.495586
14.775 15.494365
14.78 15.493147
14.785 15.49193
14.79 15.490713
14.795 15.489495
14.8 15.488278
14.805 15.487065
14.81 15.485851
14.815 15.484638
14.82 15.483425
14.825 15.482211
14.83 15.481002
14.835 15.479792
14.84 15.478583
14.845 15.477374
14.85 15.476164
14.855 15.474959
14.86 15.473753
14.865 15.472548
14.87 15.471342
14.875 15.470137
14.88 15.468935
14.885 15.467733
14.89 15.466532
14.895 15.46533
14.9 15.464129
14.905 15.462931
14.91 15.461733
14.915 15.460535
14.92 15.459338
14.925 15.45814
14.93 15.456946
14.935 15.455752
14.94 15.454558
14.945 15.453364
14.95 15.45217
14.955 15.45098
14.96 15.44979
14.965 15.4486
14.97 15.44741
14.975 15.44622
14.98 15.445035
14.985 15.443849
14.99 15.442663
14.995 15.441477
15 15.440291
15.005 15.438909
15.01 15.437701
15.015 15.436493
15.02 15.435287
15.025 15.434081
15.03 15.432876
15.035 15.431672
15.04 15.430468
15.045 15.429266
15.05 15.428064
15.055 15.426863
15.06 15.425663
15.065 15.424464
15.07 15.423265
15.075 15.422067
15.08 15.42087
15.085 15.419674
15.09 15.418479
15.095 15.417284
15.1 15.41609
15.105 15.414897
15.11 15.413705
15.115 15.412514
15.12 15.411323
15.125 15.410133
15.13 15.408944
15.135 15.407756
15.14 15.406568
15.145 15.405382
15.15 15.404196
15.155 15.40301
15.16 15.401826
15.165 15.400642
15.17 15.39946
15.175 15.398278
15.18 15.397096
15.185 15.395916
15.19 15.394736
15.195 15.393557
15.2 15.392379
15.205 15.391202
15.21 15.390025
15.215 15.388849
15.22 15.387674
15.225 15.3865
15.23 15.385326
15.235 15.384154
15.24 15.382982
15.245 15.381811
15.25 15.38064
15.255 15.37947
15.26 15.378302
15.265 15.377133
15.27 15.375966
15.275 15.374799
15.28 15.373634
15.285 15.372468
15.29 15.371304
15.295 15.370141
15.3 15.368978
15.305 15.367816
15.31 15.366655
15.315 15.365494
15.32 15.364334
15.325 15.363175
15.33 15.362017
15.335 15.360859
15.34 15.359703
15.345 15.358547
15.35 15.357392
15.355 15.356237
15.36 15.355083
15.365 15.35393
15.37 15.352778
15.375 15.351627
15.38 15.350476
15.385 15.349326
15.39 15.348177
15.395 15.347028
15.4 15.34588
15.405 15.344733
15.41 15.343587
15.415 15.342442
15.42 15.341297
15.425 15.340153
15.43 15.33901
15.435 15.337867
15.44 15.336725
15.445 15.335584
15.45 15.334444
15.455 15.333304
15.46 15.332165
15.465 15.331027
15.47 15.32989
15.475 15.328753
15.48 15.327617
15.485 15.326482
15.49 15.325348
15.495 15.324214
15.5 15.323081
15.505 15.321949
15.51 15.320817
15.515 15.319687
15.52 15.318557
15.525 15.317427
15.53 15.316299
15.535 15.315171
15.54 15.314044
15.545 15.312917
15.55 15.311791
15.555 15.310666
15.56 15.309542
15.565 15.308419
15.57 15.307296
15.575 15.306174
15.58 15.305052
15.585 15.303932
15.59 15.302812
15.595 15.301693
15.6 15.300574
15.605 15.299456
15.61 15.298339
15.615 15.297223
15.62 15.296107
15.625 15.294992
15.63 15.293878
15.635 15.292765
15.64 15.291652
15.645 15.29054
15.65 15.289428
15.655 15.288318
15.66 15.287208
15.665 15.286099
15.67 15.28499
15.675 15.283882
15.68 15.282775
15.685 15.281669
15.69 15.280563
15.695 15.279458
15.7 15.278354
15.705 15.27725
15.71 15.276147
15.715 15.275045
15.72 15.273944
15.725 15.272843
15.73 15.271743
15.735 15.270643
15.74 15.269545
15.745 15.268447
15.75 15.267349
15.755 15.266253
15.76 15.265157
15.765 15.264062
15.77 15.262967
15.775 15.261873
15.78 15.26078
15.785 15.259688
15.79 15.258596
15.795 15.257505
15.8 15.256415
15.805 15.255325
15.81 15.254236
15.815 15.253148
15.82 15.25206
15.825 15.250973
15.83 15.249887
15.835 15.248802
15.84 15.247717
15.845 15.246633
15.85 15.245549
15.855 15.244466
15.86 15.243384
15.865 15.242303
15.87 15.241222
15.875 15.240142
15.88 15.239062
15.885 15.237984
15.89 15.236906
15.895 15.235828
15.9 15.234752
15.905 15.233676
15.91 15.2326
15.915 15.231526
15.92 15.230452
15.925 15.229378
15.93 15.228306
15.935 15.227234
15.94 15.226163
15.945 15.225092
15.95 15.224022
15.955 15.222953
15.96 15.221884
15.965 15.220816
15.97 15.219749
15.975 15.218682
15.98 15.217616
15.985 15.216551
15.99 15.215487
15.995 15.214423
16 15.213359
16.005 15.212297
16.01 15.211235
16.015 15.210174
16.02 15.209113
16.025 15.208053
16.03 15.206994
16.035 15.205935
16.04 15.204877
16.045 15.20382
16.05 15.202763
16.055 15.201707
16.06 15.200652
16.065 15.199597
16.07 15.198543
16.075 15.19749
16.08 15.196437
16.085 15.195385
16.09 15.194334
16.095 15.193283
16.1 15.192233
16.105 15.191183
16.11 15.190135
16.115 15.189086
16.12 15.188039
16.125 15.186992
16.13 15.185946
16.135 15.1849
16.14 15.183855
16.145 15.182811
16.15 15.181768
16.155 15.180725
16.16 15.179682
16.165 15.178641
16.17 15.1776
16.175 15.176559
16.18 15.17552
16.185 15.17448
16.19 15.173442
16.195 15.172404
16.2 15.171367
16.205 15.170331
16.21 15.169295
16.215 15.168259
16.22 15.167225
16.225 15.166191
16.23 15.165157
16.235 15.164125
16.24 15.163093
16.245 15.162061
16.25 15.161031
16.255 15.16
16.26 15.158971
16.265 15.157942
16.27 15.156914
16.275 15.155886
16.28 15.154859
16.285 15.153833
16.29 15.152807
16.295 15.151782
16.3 15.150757
16.305 15.149734
16.31 15.14871
16.315 15.147688
16.32 15.146666
16.325 15.145644
16.33 15.144624
16.335 15.143604
16.34 15.142584
16.345 15.141565
16.35 15.140547
16.355 15.139529
16.36 15.138512
16.365 15.137496
16.37 15.13648
16.375 15.135465
16.38 15.134451
16.385 15.133437
16.39 15.132424
16.395 15.131411
16.4 15.130399
16.405 15.129388
16.41 15.128377
16.415 15.127367
16.42 15.126357
16.425 15.125348
16.43 15.12434
16.435 15.123332
16.44 15.122325
16.445 15.121318
16.45 15.120313
16.455 15.119307
16.46 15.118303
16.465 15.117299
16.47 15.116295
16.475 15.115292
16.48 15.11429
16.485 15.113289
16.49 15.112288
16.495 15.111287
16.5 15.110287
16.505 15.109288
16.51 15.10829
16.515 15.107292
16.52 15.106294
16.525 15.105298
16.53 15.104301
16.535 15.103306
16.54 15.102311
16.545 15.101316
16.55 15.100323
16.555 15.09933
16.56 15.098337
16.565 15.097345
16.57 15.096354
16.575 15.095363
16.58 15.094373
16.585 15.093383
16.59 15.092394
16.595 15.091406
16.6 15.090418
16.605 15.089431
16.61 15.088444
16.615 15.087458
16.62 15.086473
16.625 15.085488
16.63 15.084504
16.635 15.08352
16.64 15.082537
16.645 15.081555
16.65 15.080573
16.655 15.079592
16.66 15.078611
16.665 15.077631
16.67 15.076651
16.675 15.075673
16.68 15.074694
16.685 15.073716
16.69 15.072739
16.695 15.071763
16.7 15.070787
16.705 15.069811
16.71 15.068837
16.715 15.067862
16.72 15.066889
16.725 15.065916
16.73 15.064943
16.735 15.063971
16.74 15.063
16.745 15.062029
16.75 15.061059
16.755 15.060089
16.76 15.05912
16.765 15.058152
16.77 15.057184
16.775 15.056217
16.78 15.05525
16.785 15.054284
16.79 15.053318
16.795 15.052354
16.8 15.051389
16.805 15.050425
16.81 15.049462
16.815 15.048499
16.82 15.047537
16.825 15.046576
16.83 15.045615
16.835 15.044654
16.84 15.043695
16.845 15.042735
16.85 15.041777
16.855 15.040819
16.86 15.039861
16.865 15.038904
16.87 15.037948
16.875 15.036992
16.88 15.036036
16.885 15.035082
16.89 15.034128
16.895 15.033174
16.9 15.032221
16.905 15.031269
16.91 15.030317
16.915 15.029365
16.92 15.028415
16.925 15.027464
16.93 15.026515
16.935 15.025566
16.94 15.024617
16.945 15.023669
16.95 15.022722
16.955 15.021775
16.96 15.020829
16.965 15.019883
16.97 15.018938
16.975 15.017993
16.98 15.017049
16.985 15.016106
16.99 15.015163
16.995 15.01422
17 15.013278
17.005 15.012337
17.01 15.011396
17.015 15.010456
17.02 15.009517
17.025 15.008578
17.03 15.007639
17.035 15.006701
17.04 15.005764
17.045 15.004827
17.05 15.003891
17.055 15.002955
17.06 15.00202
17.065 15.001085
17.07 15.000151
17.075 14.999217
17.08 14.998284
17.085 14.997352
17.09 14.99642
17.095 14.995488
17.1 14.994557
17.105 14.993627
17.11 14.992697
17.115 14.991768
17.12 14.990839
17.125 14.989911
17.13 14.988984
17.135 14.988057
17.14 14.98713
17.145 14.986204
17.15 14.985279
17.155 14.984354
17.16 14.98343
17.165 14.982506
17.17 14.981582
17.175 14.98066
17.18 14.979738
17.185 14.978816
17.19 14.977895
17.195 14.976974
17.2 14.976054
17.205 14.975135
17.21 14.974216
17.215 14.973297
17.22 14.972379
17.225 14.971462
17.23 14.970545
17.235 14.969629
17.24 14.968713
17.245 14.967798
17.25 14.966883
17.255 14.965969
17.26 14.965055
17.265 14.964142
17.27 14.963229
17.275 14.962317
17.28 14.961406
17.285 14.960495
17.29 14.959584
17.295 14.958674
17.3 14.957765
17.305 14.956856
17.31 14.955947
17.315 14.95504
17.32 14.954132
17.325 14.953225
17.33 14.952319
17.335 14.951413
17.34 14.950508
17.345 14.949603
17.35 14.948699
17.355 14.947795
17.36 14.946892
17.365 14.94599
17.37 14.945087
17.375 14.944186
17.38 14.943285
17.385 14.942384
17.39 14.941484
17.395 14.940585
17.4 14.939685
17.405 14.938787
17.41 14.937889
17.415 14.936992
17.42 14.936095
17.425 14.935198
17.43 14.934302
17.435 14.933407
17.44 14.932512
17.445 14.931617
17.45 14.930724
17.455 14.92983
17.46 14.928937
17.465 14.928045
17.47 14.927153
17.475 14.926262
17.48 14.925371
17.485 14.924481
17.49 14.923591
17.495 14.922702
17.5 14.921813
17.505 14.920925
17.51 14.920037
17.515 14.91915
17.52 14.918263
17.525 14.917377
17.53 14.916491
17.535 14.915606
17.54 14.914721
17.545 14.913837
17.55 14.912953
17.555 14.91207
17.56 14.911187
17.565 14.910305
17.57 14.909423
17.575 14.908542
17.58 14.907661
17.585 14.906781
17.59 14.905901
17.595 14.905022
17.6 14.904143
17.605 14.903265
17.61 14.902388
17.615 14.90151
17.62 14.900634
17.625 14.899757
17.63 14.898882
17.635 14.898006
17.64 14.897132
17.645 14.896258
17.65 14.895384
17.655 14.894511
17.66 14.893638
17.665 14.892766
17.67 14.891894
17.675 14.891023
17.68 14.890152
17.685 14.889281
17.69 14.888412
17.695 14.887542
17.7 14.886674
17.705 14.885805
17.71 14.884937
17.715 14.88407
17.72 14.883203
17.725 14.882337
17.73 14.881471
17.735 14.880606
17.74 14.879741
17.745 14.878876
17.75 14.878013
17.755 14.877149
17.76 14.876286
17.765 14.875424
17.77 14.874562
17.775 14.8737
17.78 14.872839
17.785 14.871979
17.79 14.871119
17.795 14.870259
17.8 14.8694
17.805 14.868541
17.81 14.867683
17.815 14.866826
17.82 14.865969
17.825 14.865112
17.83 14.864256
17.835 14.8634
17.84 14.862545
17.845 14.86169
17.85 14.860836
17.855 14.859982
17.86 14.859129
17.865 14.858276
17.87 14.857424
17.875 14.856572
17.88 14.85572
17.885 14.854869
17.89 14.854019
17.895 14.853169
17.9 14.85232
17.905 14.851471
17.91 14.850622
17.915 14.849774
17.92 14.848926
17.925 14.848079
17.93 14.847233
17.935 14.846386
17.94 14.845541
17.945 14.844695
17.95 14.843851
17.955 14.843006
17.96 14.842163
17.965 14.841319
17.97 14.840476
17.975 14.839634
17.98 14.838792
17.985 14.83795
17.99 14.837109
17.995 14.836269
18 14.835429
18.005 14.834589
18.01 14.83375
18.015 14.832911
18.02 14.832073
18.025 14.831235
18.03 14.830398
18.035 14.829561
18.04 14.828725
18.045 14.827889
18.05 14.827054
18.055 14.826219
18.06 14.825384
18.065 14.82455
18.07 14.823717
18.075 14.822883
18.08 14.822051
18.085 14.821219
18.09 14.820387
18.095 14.819556
18.1 14.818725
18.105 14.817894
18.11 14.817064
18.115 14.816235
18.12 14.815406
18.125 14.814577
18.13 14.813749
18.135 14.812922
18.14 14.812095
18.145 14.811268
18.15 14.810442
18.155 14.809616
18.16 14.808791
18.165 14.807966
18.17 14.807141
18.175 14.806317
18.18 14.805494
18.185 14.804671
18.19 14.803848
18.195 14.803026
18.2 14.802204
18.205 14.801383
18.21 14.800562
18.215 14.799742
18.22 14.798922
18.225 14.798102
18.23 14.797283
18.235 14.796465
18.24 14.795647
18.245 14.794829
18.25 14.794012
18.255 14.793195
18.26 14.792379
18.265 14.791563
18.27 14.790747
18.275 14.789932
18.28 14.789118
18.285 14.788304
18.29 14.78749
18.295 14.786677
18.3 14.785864
18.305 14.785052
18.31 14.78424
18.315 14.783429
18.32 14.782618
18.325 14.781807
18.33 14.780997
18.335 14.780187
18.34 14.779378
18.345 14.778569
18.35 14.777761
18.355 14.776953
18.36 14.776146
18.365 14.775339
18.37 14.774532
18.375 14.773726
18.38 14.77292
18.385 14.772115
18.39 14.77131
18.395 14.770506
18.4 14.769702
18.405 14.768898
18.41 14.768095
18.415 14.767293
18.42 14.76649
18.425 14.765689
18.43 14.764887
18.435 14.764086
18.44 14.763286
18.445 14.762486
18.45 14.761686
18.455 14.760887
18.46 14.760088
18.465 14.75929
18.47 14.758492
18.475 14.757695
18.48 14.756898
18.485 14.756101
18.49 14.755305
18.495 14.754509
18.5 14.753714
18.505 14.752919
18.51 14.752125
18.515 14.751331
18.52 14.750537
18.525 14.749744
18.53 14.748951
18.535 14.748159
18.54 14.747367
18.545 14.746576
18.55 14.745785
18.555 14.744994
18.56 14.744204
18.565 14.743414
18.57 14.742625
18.575 14.741836
18.58 14.741048
18.585 14.74026
18.59 14.739472
18.595 14.738685
18.6 14.737898
18.605 14.737112
18.61 14.736326
18.615 14.735541
18.62 14.734756
18.625 14.733971
18.63 14.733187
18.635 14.732403
18.64 14.73162
18.645 14.730837
18.65 14.730054
18.655 14.729272
18.66 14.72849
18.665 14.727709
18.67 14.726928
18.675 14.726148
18.68 14.725368
18.685 14.724588
18.69 14.723809
18.695 14.72303
18.7 14.722252
18.705 14.721474
18.71 14.720696
18.715 14.719919
18.72 14.719142
18.725 14.718366
18.73 14.71759
18.735 14.716815
18.74 14.71604
18.745 14.715265
18.75 14.714491
18.755 14.713717
18.76 14.712944
18.765 14.712171
18.77 14.711398
18.775 14.710626
18.78 14.709854
18.785 14.709083
18.79 14.708312
18.795 14.707542
18.8 14.706772
18.805 14.706002
18.81 14.705233
18.815 14.704464
18.82 14.703695
18.825 14.702927
18.83 14.70216
18.835 14.701392
18.84 14.700626
18.845 14.699859
18.85 14.699093
18.855 14.698327
18.86 14.697562
18.865 14.696797
18.87 14.696033
18.875 14.695269
18.88 14.694506
18.885 14.693742
18.89 14.69298
18.895 14.692217
18.9 14.691455
18.905 14.690694
18.91 14.689933
18.915 14.689172
18.92 14.688411
18.925 14.687651
18.93 14.686892
18.935 14.686133
18.94 14.685374
18.945 14.684616
18.95 14.683858
18.955 14.6831
18.96 14.682343
18.965 14.681586
18.97 14.68083
18.975 14.680074
18.98 14.679318
18.985 14.678563
18.99 14.677808
18.995 14.677054
19 14.6763
19.005 14.675547
19.01 14.674793
19.015 14.674041
19.02 14.673288
19.025 14.672536
19.03 14.671785
19.035 14.671033
19.04 14.670283
19.045 14.669532
19.05 14.668782
19.055 14.668033
19.06 14.667283
19.065 14.666535
19.07 14.665786
19.075 14.665038
19.08 14.66429
19.085 14.663543
19.09 14.662796
19.095 14.66205
19.1 14.661304
19.105 14.660558
19.11 14.659813
19.115 14.659068
19.12 14.658323
19.125 14.657579
19.13 14.656835
19.135 14.656092
19.14 14.655349
19.145 14.654606
19.15 14.653864
19.155 14.653122
19.16 14.652381
19.165 14.65164
19.17 14.650899
19.175 14.650159
19.18 14.649419
19.185 14.64868
19.19 14.647941
19.195 14.647202
19.2 14.646464
19.205 14.645726
19.21 14.644988
19.215 14.644251
19.22 14.643514
19.225 14.642778
19.23 14.642042
19.235 14.641306
19.24 14.640571
19.245 14.639836
19.25 14.639101
19.255 14.638367
19.26 14.637633
19.265 14.6369
19.27 14.636167
19.275 14.635434
19.28 14.634702
19.285 14.63397
19.29 14.633239
19.295 14.632508
19.3 14.631777
19.305 14.631047
19.31 14.630317
19.315 14.629587
19.32 14.628858
19.325 14.628129
19.33 14.627401
19.335 14.626673
19.34 14.625945
19.345 14.625218
19.35 14.624491
19.355 14.623764
19.36 14.623038
19.365 14.622312
19.37 14.621587
19.375 14.620862
19.38 14.620137
19.385 14.619413
19.39 14.618689
19.395 14.617965
19.4 14.617242
19.405 14.616519
19.41 14.615797
19.415 14.615075
19.42 14.614353
19.425 14.613632
19.43 14.612911
19.435 14.61219
19.44 14.61147
19.445 14.61075
19.45 14.610031
19.455 14.609312
19.46 14.608593
19.465 14.607874
19.47 14.607156
19.475 14.606439
19.48 14.605722
19.485 14.605005
19.49 14.604288
19.495 14.603572
19.5 14.602856
19.505 14.602141
19.51 14.601426
19.515 14.600711
19.52 14.599997
19.525 14.599283
19.53 14.598569
19.535 14.597856
19.54 14.597143
19.545 14.596431
19.55 14.595718
19.555 14.595007
19.56 14.594295
19.565 14.593584
19.57 14.592873
19.575 14.592163
19.58 14.591453
19.585 14.590744
19.59 14.590034
19.595 14.589326
19.6 14.588617
19.605 14.587909
19.61 14.587201
19.615 14.586494
19.62 14.585787
19.625 14.58508
19.63 14.584374
19.635 14.583668
19.64 14.582962
19.645 14.582257
19.65 14.581552
19.655 14.580847
19.66 14.580143
19.665 14.579439
19.67 14.578736
19.675 14.578033
19.68 14.57733
19.685 14.576627
19.69 14.575925
19.695 14.575224
19.7 14.574522
19.705 14.573821
19.71 14.573121
19.715 14.572421
19.72 14.571721
19.725 14.571021
19.73 14.570322
19.735 14.569623
19.74 14.568925
19.745 14.568226
19.75 14.567529
19.755 14.566831
19.76 14.566134
19.765 14.565437
19.77 14.564741
19.775 14.564045
19.78 14.563349
19.785 14.562654
19.79 14.561959
19.795 14.561264
19.8 14.56057
19.805 14.559876
19.81 14.559183
19.815 14.55849
19.82 14.557797
19.825 14.557104
19.83 14.556412
19.835 14.55572
19.84 14.555029
19.845 14.554338
19.85 14.553647
19.855 14.552956
19.86 14.552266
19.865 14.551577
19.87 14.550887
19.875 14.550198
19.88 14.54951
19.885 14.548821
19.89 14.548133
19.895 14.547446
19.9 14.546758
19.905 14.546071
19.91 14.545385
19.915 14.544698
19.92 14.544012
19.925 14.543327
19.93 14.542642
19.935 14.541957
19.94 14.541272
19.945 14.540588
19.95 14.539904
19.955 14.539221
19.96 14.538537
19.965 14.537855
19.97 14.537172
19.975 14.53649
19.98 14.535808
19.985 14.535127
19.99 14.534446
19.995 14.533765

