0.25 123.59151
0.255 121.39552
0.26 119.31873
0.265 117.40373
0.27 115.48873
0.275 113.57372
0.28 111.86576
0.285 110.18106
0.29 108.49636
0.295 106.88309
0.3 105.3895
0.305 103.89591
0.31 102.40232
0.315 101.04478
0.32 99.711534
0.325 98.378285
0.33 97.088943
0.335 95.89153
0.34 94.694118
0.345 93.496705
0.35 92.391923
0.355 91.310593
0.36 90.229262
0.365 89.1752
0.37 88.193852
0.375 87.212504
0.38 86.231156
0.385 85.314636
0.39 84.420016
0.395 83.525397
0.4 82.647604
0.405 81.828702
0.41 81.0098
0.415 80.190899
0.42 79.418342
0.425 78.665936
0.43 77.913529
0.435 77.171205
0.44 76.47751
0.445 75.783816
0.45 75.090122
0.455 74.430107
0.46 73.788511
0.465 73.146914
0.47 72.510947
0.475 71.915792
0.48 71.320637
0.485 70.725482
0.49 70.155104
0.495 69.601525
0.5 69.047945
0.505 68.497007
0.51 67.980793
0.515 67.464579
0.52 66.948364
0.525 66.450535
0.53 65.968027
0.535 65.485519
0.54 65.003627
0.545 64.551628
0.55 64.099629
0.555 63.64763
0.56 63.209344
0.565 62.785049
0.57 62.360754
0.575 61.936459
0.58 61.536633
0.585 61.137571
0.59 60.738509
0.595 60.34969
0.6 59.973675
0.605 59.59766
0.61 59.221645
0.615 58.865031
0.62 58.510122
0.625 58.155213
0.63 57.807938
0.635 57.472408
0.64 57.136877
0.645 56.801346
0.65 56.481307
0.655 56.163609
0.66 55.845911
0.665 55.533862
0.67 55.232613
0.675 54.931363
0.68 54.630113
0.685 54.341302
0.69 54.055256
0.695 53.769209
0.7 53.487287
0.705 53.21532
0.71 52.943354
0.715 52.671388
0.72 52.409452
0.725 52.150551
0.73 51.891651
0.735 51.635695
0.74 51.388941
0.745 51.142186
0.75 50.895432
0.755 50.65679
0.76 50.421347
0.765 50.185904
0.77 49.952485
0.775 49.727593
0.78 49.502701
0.785 49.277808
0.79 49.059488
0.795 48.844452
0.8 48.629417
0.805 48.415686
0.81 48.209874
0.815 48.004062
0.82 47.79825
0.825 47.597762
0.83 47.400592
0.835 47.203422
0.84 47.006989
0.845 46.817928
0.85 46.628867
0.855 46.439805
0.86 46.255054
0.865 46.073611
0.87 45.892169
0.875 45.711016
0.88 45.536741
0.885 45.362466
0.89 45.188191
0.895 45.017393
0.9 44.849869
0.905 44.682345
0.91 44.514821
0.915 44.353598
0.92 44.19244
0.925 44.031282
0.93 43.872916
0.935 43.717768
0.94 43.56262
0.945 43.407471
0.95 43.257659
0.955 43.108191
0.96 42.958722
0.965 42.81148
0.97 42.667385
0.975 42.52329
0.98 42.379196
0.985 42.239624
0.99 42.100619
0.995 41.961613
1 41.824361
1.005 41.69018
1.01 41.555998
1.015 41.421816
1.02 41.291472
1.025 41.161868
1.03 41.032263
1.035 40.90402
1.04 40.778762
1.045 40.653505
1.05 40.528247
1.055 40.406245
1.06 40.28512
1.065 40.163994
1.07 40.043901
1.075 39.926706
1.08 39.809511
1.085 39.692316
1.09 39.57788
1.095 39.464428
1.1 39.350975
1.105 39.238279
1.11 39.128392
1.115 39.018506
1.12 38.908619
1.125 38.801068
1.13 38.694582
1.135 38.588096
1.14 38.482135
1.145 38.378893
1.15 38.275652
1.155 38.172411
1.16 38.071142
1.165 37.971
1.17 37.870858
1.175 37.771045
1.18 37.673864
1.185 37.576683
1.19 37.479503
1.195 37.383981
1.2 37.289633
1.205 37.195284
1.21 37.101099
1.215 37.009461
1.22 36.917822
1.225 36.826183
1.23 36.735934
1.235 36.64689
1.24 36.557846
1.245 36.468827
1.25 36.38227
1.255 36.295712
1.26 36.209155
1.265 36.123753
1.27 36.039578
1.275 35.955404
1.28 35.87123
1.285 35.78925
1.29 35.707362
1.295 35.625475
1.3 35.54454
1.305 35.464847
1.31 35.385154
1.315 35.30546
1.32 35.227683
1.325 35.150097
1.33 35.072511
1.335 34.995703
1.34 34.920142
1.345 34.844581
1.35 34.76902
1.355 34.695131
1.36 34.621517
1.365 34.547903
1.37 34.474913
1.375 34.403171
1.38 34.331429
1.385 34.259687
1.39 34.189402
1.395 34.119462
1.4 34.049522
1.405 33.980073
1.41 33.911867
1.415 33.843662
1.42 33.775457
1.425 33.708518
1.43 33.641984
1.435 33.57545
1.44 33.50929
1.445 33.444367
1.45 33.379443
1.455 33.31452
1.46 33.250694
1.465 33.187323
1.47 33.123952
1.475 33.060853
1.48 32.99898
1.485 32.937106
1.49 32.875233
1.495 32.814309
1.5 32.75388
1.505 32.693452
1.51 32.633207
1.515 32.574174
1.52 32.515141
1.525 32.456108
1.53 32.397891
1.535 32.340205
1.54 32.282519
1.545 32.224939
1.55 32.168555
1.555 32.11217
1.56 32.055786
1.565 32.000101
1.57 31.944975
1.575 31.889849
1.58 31.83476
1.585 31.780851
1.59 31.726941
1.595 31.673032
1.6 31.619716
1.605 31.566984
1.61 31.514251
1.615 31.461518
1.62 31.409901
1.625 31.358307
1.63 31.306712
1.635 31.255619
1.64 31.205127
1.645 31.154635
1.65 31.104143
1.655 31.054642
1.66 31.005217
1.665 30.955792
1.67 30.906785
1.675 30.858393
1.68 30.810002
1.685 30.761611
1.69 30.7141
1.695 30.66671
1.7 30.61932
1.705 30.572274
1.71 30.525855
1.715 30.479436
1.72 30.433017
1.725 30.387377
1.73 30.3419
1.735 30.296422
1.74 30.251221
1.745 30.206656
1.75 30.162091
1.755 30.117527
1.76 30.073651
1.765 30.029972
1.77 29.986293
1.775 29.942831
1.78 29.900011
1.785 29.857192
1.79 29.814372
1.795 29.77216
1.8 29.730175
1.805 29.68819
1.81 29.646368
1.815 29.605193
1.82 29.564019
1.825 29.522844
1.83 29.482202
1.835 29.441814
1.84 29.401426
1.845 29.361155
1.85 29.321532
1.855 29.281908
1.86 29.242285
1.865 29.203128
1.87 29.164248
1.875 29.125368
1.88 29.086561
1.885 29.048404
1.89 29.010247
1.895 28.972089
1.9 28.934336
1.905 28.896882
1.91 28.859427
1.915 28.822006
1.92 28.785235
1.925 28.748463
1.93 28.711692
1.935 28.675269
1.94 28.639163
1.945 28.603056
1.95 28.566949
1.955 28.531003
1.96 28.495057
1.965 28.459111
1.97 28.423165
1.975 28.38722
1.98 28.351274
1.985 28.315328
1.99 28.279382
1.995 28.243436
2 28.20749
2.005 28.171544
2.01 28.135598
2.015 28.099652
2.02 28.063706
2.025 28.02776
2.03 27.991814
2.035 27.955869
2.04 27.919923
2.045 27.883977
2.05 27.848031
2.055 27.812085
2.06 27.776139
2.065 27.740193
2.07 27.704247
2.075 27.668301
2.08 27.632355
2.085 27.596409
2.09 27.560464
2.095 27.524518
2.1 27.488572
2.105 27.452626
2.11 27.41668
2.115 27.380734
2.12 27.344788
2.125 27.308842
2.13 27.272896
2.135 27.23695
2.14 27.201004
2.145 27.165058
2.15 27.129113
2.155 27.093167
2.16 27.057221
2.165 27.021275
2.17 26.985329
2.175 26.949383
2.18 26.913437
2.185 26.877491
2.19 26.841545
2.195 26.805599
2.2 26.769653
2.205 26.733708
2.21 26.697762
2.215 26.661816
2.22 26.62587
2.225 26.589924
2.23 26.553978
2.235 26.518032
2.24 26.482086
2.245 26.44614
2.25 26.410194
2.255 26.374248
2.26 26.338302
2.265 26.302357
2.27 26.266411
2.275 26.230465
2.28 26.194519
2.285 26.158573
2.29 26.122627
2.295 26.086681
2.3 26.050735
2.305 26.014789
2.31 25.978843
2.315 25.942897
2.32 25.906951
2.325 25.871006
2.33 25.83506
2.335 25.799114
2.34 25.763168
2.345 25.727222
2.35 25.691276
2.355 25.65533
2.36 25.619384
2.365 25.583438
2.37 25.547492
2.375 25.511546
2.38 25.475601
2.385 25.439655
2.39 25.403709
2.395 25.367763
2.4 25.331817
2.405 25.295871
2.41 25.259925
2.415 25.223979
2.42 25.188033
2.425 25.152087
2.43 25.116141
2.435 25.080195
2.44 25.04425
2.445 25.008304
2.45 24.972358
2.455 24.936412
2.46 24.900466
2.465 24.86452
2.47 24.828574
2.475 24.792628
2.48 24.756682
2.485 24.720736
2.49 24.68479
2.495 24.648845
2.5 24.612899
2.505 24.557268
2.51 24.501637
2.515 24.446006
2.52 24.390375
2.525 24.334744
2.53 24.280912
2.535 24.22708
2.54 24.173247
2.545 24.119415
2.55 24.065583
2.555 24.013488
2.56 23.961393
2.565 23.909299
2.57 23.857204
2.575 23.805109
2.58 23.754695
2.585 23.704281
2.59 23.653867
2.595 23.603453
2.6 23.553039
2.605 23.504249
2.61 23.455459
2.615 23.406669
2.62 23.357878
2.625 23.309088
2.63 23.262502
2.635 23.215915
2.64 23.169329
2.645 23.122742
2.65 23.076156
2.655 23.031146
2.66 22.986137
2.665 22.941127
2.67 22.896118
2.675 22.851108
2.68 22.806278
2.685 22.761449
2.69 22.716619
2.695 22.671789
2.7 22.62696
2.705 22.584729
2.71 22.542498
2.715 22.500267
2.72 22.458036
2.725 22.415804
2.73 22.374414
2.735 22.333023
2.74 22.291633
2.745 22.250242
2.75 22.208851
2.755 22.168628
2.76 22.128405
2.765 22.088182
2.77 22.047958
2.775 22.007735
2.78 21.968737
2.785 21.929739
2.79 21.890741
2.795 21.851742
2.8 21.812744
2.805 21.77496
2.81 21.737176
2.815 21.699392
2.82 21.661607
2.825 21.623823
2.83 21.587226
2.835 21.550629
2.84 21.514032
2.845 21.477434
2.85 21.440837
2.855 21.405395
2.86 21.369953
2.865 21.334511
2.87 21.299069
2.875 21.263627
2.88 21.229308
2.885 21.19499
2.89 21.160671
2.895 21.126352
2.9 21.092033
2.905 21.058805
2.91 21.025577
2.915 20.992349
2.92 20.959121
2.925 20.925893
2.93 20.893726
2.935 20.861559
2.94 20.829392
2.945 20.797225
2.95 20.765058
2.955 20.733921
2.96 20.702785
2.965 20.671649
2.97 20.640513
2.975 20.609377
2.98 20.579244
2.985 20.549111
2.99 20.518978
2.995 20.488845
3 20.458712
3.005 20.429556
3.01 20.4004
3.015 20.371245
3.02 20.342089
3.025 20.312933
3.03 20.284728
3.035 20.256524
3.04 20.228319
3.045 20.200115
3.05 20.17191
3.055 20.144634
3.06 20.117357
3.065 20.090081
3.07 20.062804
3.075 20.035528
3.08 20.009157
3.085 19.982785
3.09 19.956413
3.095 19.930042
3.1 19.90367
3.105 19.878182
3.11 19.852693
3.115 19.827204
3.12 19.801715
3.125 19.776227
3.13 19.751599
3.135 19.726972
3.14 19.702345
3.145 19.677718
3.15 19.653091
3.155 19.629305
3.16 19.605519
3.165 19.581733
3.17 19.557947
3.175 19.534161
3.18 19.511196
3.185 19.488231
3.19 19.465266
3.195 19.442302
3.2 19.419337
3.205 19.397174
3.21 19.37501
3.215 19.352847
3.22 19.330684
3.225 19.308521
3.23 19.28714
3.235 19.265759
3.24 19.244378
3.245 19.222997
3.25 19.201616
3.255 19.180999
3.26 19.160382
3.265 19.139766
3.27 19.119149
3.275 19.098532
3.28 19.07866
3.285 19.058788
3.29 19.038916
3.295 19.019044
3.3 18.999172
3.305 18.980027
3.31 18.960881
3.315 18.941736
3.32 18.922591
3.325 18.903445
3.33 18.885008
3.335 18.866571
3.34 18.848134
3.345 18.829696
3.35 18.811259
3.355 18.793512
3.36 18.775765
3.365 18.758017
3.37 18.74027
3.375 18.722523
3.38 18.705448
3.385 18.688372
3.39 18.671297
3.395 18.654222
3.4 18.637147
3.405 18.621641
3.41 18.606135
3.415 18.590629
3.42 18.575123
3.425 18.559617
3.43 18.543992
3.435 18.528368
3.44 18.512744
3.445 18.497119
3.45 18.481495
3.455 18.466324
3.46 18.451154
3.465 18.435983
3.47 18.420813
3.475 18.405642
3.48 18.391056
3.485 18.37647
3.49 18.361884
3.495 18.347298
3.5 18.332712
3.505 18.3187
3.51 18.304688
3.515 18.290676
3.52 18.276664
3.525 18.262652
3.53 18.249199
3.535 18.235747
3.54 18.222295
3.545 18.208842
3.55 18.19539
3.555 18.182483
3.56 18.169575
3.565 18.156668
3.57 18.14376
3.575 18.130853
3.58 18.118476
3.585 18.106098
3.59 18.093721
3.595 18.081344
3.6 18.068967
3.605 18.057105
3.61 18.045243
3.615 18.033381
3.62 18.021519
3.625 18.009657
3.63 17.998295
3.635 17.986933
3.64 17.97557
3.645 17.964208
3.65 17.952846
3.655 17.941967
3.66 17.931087
3.665 17.920208
3.67 17.909329
3.675 17.89845
3.68 17.888037
3.685 17.877624
3.69 17.86721
3.695 17.856797
3.7 17.846384
3.705 17.836421
3.71 17.826457
3.715 17.816494
3.72 17.806531
3.725 17.796567
3.73 17.787038
3.735 17.777509
3.74 17.76798
3.745 17.758451
3.75 17.748922
3.755 17.739812
3.76 17.730702
3.765 17.721592
3.77 17.712482
3.775 17.703371
3.78 17.694666
3.785 17.685961
3.79 17.677255
3.795 17.66855
3.8 17.659844
3.805 17.651529
3.81 17.643215
3.815 17.6349
3.82 17.626585
3.825 17.61827
3.83 17.610332
3.835 17.602394
3.84 17.594457
3.845 17.586519
3.85 17.578581
3.855 17.571007
3.86 17.563432
3.865 17.555858
3.87 17.548284
3.875 17.54071
3.88 17.533486
3.885 17.526263
3.89 17.519039
3.895 17.511816
3.9 17.504592
3.905 17.497707
3.91 17.490822
3.915 17.483937
3.92 17.477052
3.925 17.470167
3.93 17.463608
3.935 17.457049
3.94 17.45049
3.945 17.443931
3.95 17.437372
3.955 17.431128
3.96 17.424884
3.965 17.41864
3.97 17.412395
3.975 17.406151
3.98 17.40021
3.985 17.39427
3.99 17.388329
3.995 17.382388
4 17.376447
4.005 17.370799
4.01 17.365151
4.015 17.359503
4.02 17.353855
4.025 17.348207
4.03 17.342841
4.035 17.337476
4.04 17.33211
4.045 17.326744
4.05 17.321378
4.055 17.316285
4.06 17.311191
4.065 17.306097
4.07 17.301004
4.075 17.29591
4.08 17.291079
4.085 17.286248
4.09 17.281417
4.095 17.276586
4.1 17.271755
4.105 17.267177
4.11 17.262599
4.115 17.258021
4.12 17.253443
4.125 17.248865
4.13 17.244532
4.135 17.240198
4.14 17.235865
4.145 17.231531
4.15 17.227197
4.155 17.223099
4.16 17.219001
4.165 17.214903
4.17 17.210805
4.175 17.206707
4.18 17.202836
4.185 17.198965
4.19 17.195095
4.195 17.191224
4.2 17.187353
4.205 17.183701
4.21 17.18005
4.215 17.176398
4.22 17.172747
4.225 17.169095
4.23 17.165655
4.235 17.162215
4.24 17.158774
4.245 17.155334
4.25 17.151894
4.255 17.148658
4.26 17.145421
4.265 17.142185
4.27 17.138949
4.275 17.135713
4.28 17.132673
4.285 17.129633
4.29 17.126594
4.295 17.123554
4.3 17.120514
4.305 17.117664
4.31 17.114814
4.315 17.111964
4.32 17.109114
4.325 17.106264
4.33 17.103596
4.335 17.100929
4.34 17.098261
4.345 17.095594
4.35 17.092926
4.355 17.090435
4.36 17.087943
4.365 17.085451
4.37 17.08296
4.375 17.080468
4.38 17.078145
4.385 17.075823
4.39 17.0735
4.395 17.071178
4.4 17.068856
4.405 17.066696
4.41 17.064536
4.415 17.062376
4.42 17.060216
4.425 17.058056
4.43 17.056052
4.435 17.054048
4.44 17.052044
4.445 17.05004
4.45 17.048037
4.455 17.046182
4.46 17.044328
4.465 17.042474
4.47 17.040619
4.475 17.038765
4.48 17.037054
4.485 17.035343
4.49 17.033632
4.495 17.031921
4.5 17.03021
4.505 17.028636
4.51 17.027062
4.515 17.025488
4.52 17.023913
4.525 17.022339
4.53 17.020896
4.535 17.019452
4.54 17.018009
4.545 17.016565
4.55 17.015122
4.555 17.013803
4.56 17.012485
4.565 17.011166
4.57 17.009847
4.575 17.008528
4.58 17.007329
4.585 17.006129
4.59 17.004929
4.595 17.003729
4.6 17.002529
4.605 17.001443
4.61 17.000357
4.615 16.99927
4.62 16.998184
4.625 16.997097
4.63 16.996119
4.635 16.995141
4.64 16.994163
4.645 16.993185
4.65 16.992206
4.655 16.991332
4.66 16.990457
4.665 16.989582
4.67 16.988707
4.675 16.987832
4.68 16.987056
4.685 16.98628
4.69 16.985504
4.695 16.984728
4.7 16.983952
4.705 16.983271
4.71 16.98259
4.715 16.981908
4.72 16.981227
4.725 16.980546
4.73 16.979955
4.735 16.979365
4.74 16.978775
4.745 16.978184
4.75 16.977594
4.755 16.977091
4.76 16.976588
4.765 16.976085
4.77 16.975582
4.775 16.975078
4.78 16.974659
4.785 16.97424
4.79 16.973821
4.795 16.973402
4.8 16.972983
4.805 16.972646
4.81 16.972308
4.815 16.97197
4.82 16.971632
4.825 16.971294
4.83 16.971034
4.835 16.970774
4.84 16.970514
4.845 16.970255
4.85 16.969995
4.855 16.96981
4.86 16.969626
4.865 16.969442
4.87 16.969257
4.875 16.969073
4.88 16.968961
4.885 16.96885
4.89 16.968738
4.895 16.968626
4.9 16.968515
4.905 16.968474
4.91 16.968432
4.915 16.968391
4.92 16.96835
4.925 16.968309
4.93 16.968335
4.935 16.968362
4.94 16.968388
4.945 16.968414
4.95 16.968441
4.955 16.968533
4.96 16.968624
4.965 16.968716
4.97 16.968808
4.975 16.968899
4.98 16.969054
4.985 16.969209
4.99 16.969364
4.995 16.969518
5 16.969673
5.005 16.969888
5.01 16.970104
5.015 16.970319
5.02 16.970535
5.025 16.97075
5.03 16.971024
5.035 16.971298
5.04 16.971571
5.045 16.971845
5.05 16.972119
5.055 16.972449
5.06 16.972779
5.065 16.973109
5.07 16.973439
5.075 16.973769
5.08 16.974152
5.085 16.974536
5.09 16.97492
5.095 16.975304
5.1 16.975688
5.105 16.976124
5.11 16.97656
5.115 16.976995
5.12 16.977431
5.125 16.977867
5.13 16.978352
5.135 16.978838
5.14 16.979323
5.145 16.979809
5.15 16.980294
5.155 16.980827
5.16 16.981361
5.165 16.981894
5.17 16.982427
5.175 16.98296
5.18 16.983539
5.185 16.984118
5.19 16.984697
5.195 16.985276
5.2 16.985854
5.205 16.986477
5.21 16.9871
5.215 16.987722
5.22 16.988345
5.225 16.988968
5.23 16.989632
5.235 16.990297
5.24 16.990961
5.245 16.991625
5.25 16.99229
5.255 16.992994
5.26 16.993699
5.265 16.994404
5.27 16.995108
5.275 16.995813
5.28 16.996556
5.285 16.997298
5.29 16.998041
5.295 16.998783
5.3 16.999526
5.305 17.000305
5.31 17.001085
5.315 17.001864
5.32 17.002643
5.325 17.003422
5.33 17.004236
5.335 17.00505
5.34 17.005864
5.345 17.006678
5.35 17.007492
5.355 17.00834
5.36 17.009187
5.365 17.010034
5.37 17.010881
5.375 17.011728
5.38 17.012607
5.385 17.013486
5.39 17.014365
5.395 17.015243
5.4 17.016122
5.405 17.017031
5.41 17.017939
5.415 17.018848
5.42 17.019757
5.425 17.020666
5.43 17.021603
5.435 17.02254
5.44 17.023477
5.445 17.024414
5.45 17.025352
5.455 17.026316
5.46 17.02728
5.465 17.028244
5.47 17.029209
5.475 17.030173
5.48 17.031163
5.485 17.032153
5.49 17.033143
5.495 17.034132
5.5 17.035122
5.505 17.036137
5.51 17.037151
5.515 17.038165
5.52 17.039179
5.525 17.040193
5.53 17.041231
5.535 17.042268
5.54 17.043305
5.545 17.044342
5.55 17.045379
5.555 17.046438
5.56 17.047497
5.565 17.048556
5.57 17.049614
5.575 17.050673
5.58 17.051752
5.585 17.052831
5.59 17.05391
5.595 17.05499
5.6 17.056069
5.605 17.057167
5.61 17.058266
5.615 17.059364
5.62 17.060462
5.625 17.061561
5.63 17.062677
5.635 17.063794
5.64 17.06491
5.645 17.066027
5.65 17.067143
5.655 17.068277
5.66 17.06941
5.665 17.070543
5.67 17.071677
5.675 17.07281
5.68 17.073959
5.685 17.075109
5.69 17.076258
5.695 17.077407
5.7 17.078556
5.705 17.07972
5.71 17.080884
5.715 17.082048
5.72 17.083212
5.725 17.084376
5.73 17.085554
5.735 17.086732
5.74 17.087909
5.745 17.089087
5.75 17.090265
5.755 17.091455
5.76 17.092646
5.765 17.093836
5.77 17.095027
5.775 17.096217
5.78 17.097419
5.785 17.098622
5.79 17.099824
5.795 17.101026
5.8 17.102228
5.805 17.103442
5.81 17.104655
5.815 17.105868
5.82 17.107081
5.825 17.108294
5.83 17.109517
5.835 17.11074
5.84 17.111963
5.845 17.113186
5.85 17.114409
5.855 17.115641
5.86 17.116874
5.865 17.118106
5.87 17.119338
5.875 17.12057
5.88 17.12181
5.885 17.123051
5.89 17.124291
5.895 17.125531
5.9 17.126772
5.905 17.128019
5.91 17.129267
5.915 17.130515
5.92 17.131763
5.925 17.13301
5.93 17.134265
5.935 17.135519
5.94 17.136774
5.945 17.138028
5.95 17.139282
5.955 17.140543
5.96 17.141803
5.965 17.143063
5.97 17.144323
5.975 17.145583
5.98 17.146849
5.985 17.148114
5.99 17.14938
5.995 17.150645
6 17.15191
6.005 17.15318
6.01 17.15445
6.015 17.15572
6.02 17.156989
6.025 17.158259
6.03 17.159533
6.035 17.160806
6.04 17.162079
6.045 17.163353
6.05 17.164626
6.055 17.165903
6.06 17.167179
6.065 17.168456
6.07 17.169732
6.075 17.171009
6.08 17.172288
6.085 17.173567
6.09 17.174845
6.095 17.176124
6.1 17.177403
6.105 17.178684
6.11 17.179964
6.115 17.181245
6.12 17.182526
6.125 17.183806
6.13 17.185088
6.135 17.18637
6.14 17.187652
6.145 17.188933
6.15 17.190215
6.155 17.191497
6.16 17.19278
6.165 17.194062
6.17 17.195344
6.175 17.196627
6.18 17.197909
6.185 17.199191
6.19 17.200474
6.195 17.201756
6.2 17.203038
6.205 17.20432
6.21 17.205602
6.215 17.206883
6.22 17.208165
6.225 17.209447
6.23 17.210728
6.235 17.212008
6.24 17.213289
6.245 17.21457
6.25 17.21585
6.255 17.217129
6.26 17.218408
6.265 17.219688
6.27 17.220967
6.275 17.222246
6.28 17.223523
6.285 17.2248
6.29 17.226077
6.295 17.227354
6.3 17.228631
6.305 17.229905
6.31 17.23118
6.315 17.232454
6.32 17.233728
6.325 17.235003
6.33 17.236274
6.335 17.237546
6.34 17.238817
6.345 17.240089
6.35 17.24136
6.355 17.242628
6.36 17.243896
6.365 17.245164
6.37 17.246432
6.375 17.2477
6.38 17.248964
6.385 17.250228
6.39 17.251492
6.395 17.252756
6.4 17.25402
6.405 17.25528
6.41 17.256539
6.415 17.257799
6.42 17.259059
6.425 17.260319
6.43 17.261574
6.435 17.262829
6.44 17.264084
6.445 17.265339
6.45 17.266594
6.455 17.267844
6.46 17.269094
6.465 17.270344
6.47 17.271594
6.475 17.272844
6.48 17.274088
6.485 17.275333
6.49 17.276577
6.495 17.277822
6.5 17.279066
6.505 17.280305
6.51 17.281544
6.515 17.282782
6.52 17.284021
6.525 17.28526
6.53 17.286492
6.535 17.287725
6.54 17.288958
6.545 17.29019
6.55 17.291423
6.555 17.292649
6.56 17.293875
6.565 17.295101
6.57 17.296327
6.575 17.297553
6.58 17.298772
6.585 17.299992
6.59 17.301211
6.595 17.30243
6.6 17.30365
6.605 17.304862
6.61 17.306074
6.615 17.307286
6.62 17.308498
6.625 17.309711
6.63 17.310916
6.635 17.31212
6.64 17.313325
6.645 17.31453
6.65 17.315735
6.655 17.316932
6.66 17.31813
6.665 17.319327
6.67 17.320524
6.675 17.321721
6.68 17.322911
6.685 17.3241
6.69 17.325289
6.695 17.326478
6.7 17.327667
6.705 17.328849
6.71 17.33003
6.715 17.331211
6.72 17.332392
6.725 17.333573
6.73 17.334746
6.735 17.335918
6.74 17.337091
6.745 17.338264
6.75 17.339436
6.755 17.3406
6.76 17.341764
6.765 17.342928
6.77 17.344092
6.775 17.345256
6.78 17.346411
6.785 17.347566
6.79 17.348721
6.795 17.349876
6.8 17.351031
6.805 17.352178
6.81 17.353324
6.815 17.35447
6.82 17.355616
6.825 17.356762
6.83 17.357898
6.835 17.359035
6.84 17.360172
6.845 17.361308
6.85 17.362445
6.855 17.363572
6.86 17.364699
6.865 17.365827
6.87 17.366954
6.875 17.368081
6.88 17.369199
6.885 17.370316
6.89 17.371434
6.895 17.372551
6.9 17.373669
6.905 17.374776
6.91 17.375884
6.915 17.376992
6.92 17.378099
6.925 17.379207
6.93 17.380305
6.935 17.381402
6.94 17.3825
6.945 17.383597
6.95 17.384695
6.955 17.385782
6.96 17.38687
6.965 17.387957
6.97 17.389045
6.975 17.390132
6.98 17.391209
6.985 17.392286
6.99 17.393363
6.995 17.39444
7 17.395516
7.005 17.396586
7.01 17.397656
7.015 17.398721
7.02 17.399787
7.025 17.40085
7.03 17.401909
7.035 17.402966
7.04 17.404023
7.045 17.405077
7.05 17.406129
7.055 17.407177
7.06 17.408226
7.065 17.40927
7.07 17.410314
7.075 17.411356
7.08 17.412393
7.085 17.413429
7.09 17.414464
7.095 17.415496
7.1 17.416526
7.105 17.417553
7.11 17.418579
7.115 17.419602
7.12 17.420624
7.125 17.421644
7.13 17.422659
7.135 17.423673
7.14 17.424686
7.145 17.425695
7.15 17.426704
7.155 17.427708
7.16 17.428712
7.165 17.429712
7.17 17.430712
7.175 17.431709
7.18 17.432702
7.185 17.433693
7.19 17.434684
7.195 17.435671
7.2 17.436656
7.205 17.437638
7.21 17.43862
7.215 17.439597
7.22 17.440574
7.225 17.441548
7.23 17.442518
7.235 17.443486
7.24 17.444454
7.245 17.445418
7.25 17.44638
7.255 17.447339
7.26 17.448298
7.265 17.449251
7.27 17.450205
7.275 17.451157
7.28 17.452104
7.285 17.453048
7.29 17.453993
7.295 17.454933
7.3 17.455873
7.305 17.456808
7.31 17.457743
7.315 17.458673
7.32 17.459604
7.325 17.460532
7.33 17.461455
7.335 17.462376
7.34 17.463297
7.345 17.464214
7.35 17.46513
7.355 17.466041
7.36 17.466953
7.365 17.467859
7.37 17.468766
7.375 17.46967
7.38 17.47057
7.385 17.471467
7.39 17.472364
7.395 17.473256
7.4 17.474148
7.405 17.475036
7.41 17.475923
7.415 17.476806
7.42 17.477688
7.425 17.478568
7.43 17.479444
7.435 17.480317
7.44 17.48119
7.445 17.482058
7.45 17.482926
7.455 17.483789
7.46 17.484652
7.465 17.48551
7.47 17.486369
7.475 17.487225
7.48 17.488076
7.485 17.488924
7.49 17.489773
7.495 17.490617
7.5 17.49146
7.505 17.492299
7.51 17.493137
7.515 17.493971
7.52 17.494805
7.525 17.495636
7.53 17.496463
7.535 17.497286
7.54 17.49811
7.545 17.49893
7.55 17.499748
7.555 17.500562
7.56 17.501376
7.565 17.502185
7.57 17.502994
7.575 17.5038
7.58 17.504602
7.585 17.505401
7.59 17.5062
7.595 17.506994
7.6 17.507787
7.605 17.508576
7.61 17.509365
7.615 17.510149
7.62 17.510933
7.625 17.511714
7.63 17.512491
7.635 17.513265
7.64 17.514039
7.645 17.514808
7.65 17.515576
7.655 17.51634
7.66 17.517103
7.665 17.517862
7.67 17.51862
7.675 17.519376
7.68 17.520128
7.685 17.520876
7.69 17.521624
7.695 17.522368
7.7 17.523111
7.705 17.523849
7.71 17.524587
7.715 17.52532
7.72 17.526053
7.725 17.526783
7.73 17.527509
7.735 17.528232
7.74 17.528954
7.745 17.529672
7.75 17.530389
7.755 17.531102
7.76 17.531814
7.765 17.532521
7.77 17.533228
7.775 17.533932
7.78 17.534632
7.785 17.535329
7.79 17.536025
7.795 17.536717
7.8 17.537408
7.805 17.538094
7.81 17.53878
7.815 17.539461
7.82 17.540142
7.825 17.54082
7.83 17.541493
7.835 17.542163
7.84 17.542833
7.845 17.543499
7.85 17.544163
7.855 17.544822
7.86 17.545482
7.865 17.546136
7.87 17.54679
7.875 17.547441
7.88 17.548088
7.885 17.548731
7.89 17.549375
7.895 17.550013
7.9 17.55065
7.905 17.551283
7.91 17.551915
7.915 17.552542
7.92 17.553169
7.925 17.553793
7.93 17.554412
7.935 17.555028
7.94 17.555644
7.945 17.556255
7.95 17.556864
7.955 17.557469
7.96 17.558074
7.965 17.558673
7.97 17.559272
7.975 17.559868
7.98 17.560459
7.985 17.561047
7.99 17.561635
7.995 17.562218
8 17.5628
8.005 17.563376
8.01 17.563952
8.015 17.564523
8.02 17.565095
8.025 17.565664
8.03 17.566228
8.035 17.56679
8.04 17.567352
8.045 17.567911
8.05 17.568469
8.055 17.569022
8.06 17.569575
8.065 17.570125
8.07 17.570674
8.075 17.57122
8.08 17.571765
8.085 17.572305
8.09 17.572846
8.095 17.573383
8.1 17.573919
8.105 17.574452
8.11 17.574986
8.115 17.575515
8.12 17.576044
8.125 17.576571
8.13 17.577096
8.135 17.577617
8.14 17.578139
8.145 17.578657
8.15 17.579175
8.155 17.57969
8.16 17.580205
8.165 17.580716
8.17 17.581228
8.175 17.581738
8.18 17.582245
8.185 17.58275
8.19 17.583255
8.195 17.583757
8.2 17.584259
8.205 17.584758
8.21 17.585258
8.215 17.585754
8.22 17.586251
8.225 17.586747
8.23 17.587239
8.235 17.58773
8.24 17.588222
8.245 17.588711
8.25 17.589201
8.255 17.589687
8.26 17.590175
8.265 17.590658
8.27 17.591144
8.275 17.591629
8.28 17.59211
8.285 17.59259
8.29 17.593073
8.295 17.593552
8.3 17.594032
8.305 17.59451
8.31 17.594989
8.315 17.595465
8.32 17.595943
8.325 17.596421
8.33 17.596895
8.335 17.597369
8.34 17.597845
8.345 17.598319
8.35 17.598794
8.355 17.599267
8.36 17.599742
8.365 17.600215
8.37 17.600689
8.375 17.601165
8.38 17.601636
8.385 17.60211
8.39 17.602584
8.395 17.603057
8.4 17.603532
8.405 17.604006
8.41 17.604482
8.415 17.604956
8.42 17.605433
8.425 17.605912
8.43 17.606386
8.435 17.606863
8.44 17.607342
8.445 17.607821
8.45 17.608302
8.455 17.608782
8.46 17.609264
8.465 17.609747
8.47 17.610231
8.475 17.610719
8.48 17.611203
8.485 17.611691
8.49 17.612181
8.495 17.612672
8.5 17.613164
8.505 17.613658
8.51 17.614155
8.515 17.614653
8.52 17.615152
8.525 17.615657
8.53 17.616157
8.535 17.616664
8.54 17.617172
8.545 17.617684
8.55 17.618195
8.555 17.618712
8.56 17.61923
8.565 17.619751
8.57 17.620274
8.575 17.620805
8.58 17.621331
8.585 17.621863
8.59 17.622399
8.595 17.622939
8.6 17.623481
8.605 17.624027
8.61 17.624577
8.615 17.625131
8.62 17.625687
8.625 17.626253
8.63 17.626813
8.635 17.627384
8.64 17.627956
8.645 17.628535
8.65 17.629116
8.655 17.629704
8.66 17.630294
8.665 17.630892
8.67 17.631491
8.675 17.632104
8.68 17.632709
8.685 17.633328
8.69 17.633948
8.695 17.634578
8.7 17.635209
8.705 17.63585
8.71 17.636492
8.715 17.637145
8.72 17.637799
8.725 17.638469
8.73 17.639131
8.735 17.639809
8.74 17.640488
8.745 17.64118
8.75 17.641873
8.755 17.642577
8.76 17.643284
8.765 17.644003
8.77 17.644723
8.775 17.645461
8.78 17.646191
8.785 17.646941
8.79 17.64769
8.795 17.648454
8.8 17.649218
8.805 17.649998
8.81 17.650778
8.815 17.651575
8.82 17.65237
8.825 17.653187
8.83 17.653995
8.835 17.654823
8.84 17.655652
8.845 17.656497
8.85 17.657343
8.855 17.658205
8.86 17.659066
8.865 17.659945
8.87 17.660824
8.875 17.661725
8.88 17.662616
8.885 17.663529
8.89 17.664441
8.895 17.665371
8.9 17.6663
8.905 17.667247
8.91 17.668192
8.915 17.669155
8.92 17.670116
8.925 17.6711
8.93 17.672073
8.935 17.673068
8.94 17.674061
8.945 17.675071
8.95 17.676079
8.955 17.677104
8.96 17.678126
8.965 17.679165
8.97 17.680201
8.975 17.681256
8.98 17.682302
8.985 17.683366
8.99 17.684427
8.995 17.685502
9 17.686573
9.005 17.687659
9.01 17.688741
9.015 17.689836
9.02 17.690927
9.025 17.69203
9.03 17.693127
9.035 17.694236
9.04 17.695341
9.045 17.696454
9.05 17.697564
9.055 17.698682
9.06 17.699796
9.065 17.700915
9.07 17.702031
9.075 17.703151
9.08 17.704267
9.085 17.705386
9.09 17.706502
9.095 17.707619
9.1 17.708731
9.105 17.709845
9.11 17.710953
9.115 17.71206
9.12 17.713164
9.125 17.714262
9.13 17.71536
9.135 17.716452
9.14 17.71754
9.145 17.71862
9.15 17.719698
9.155 17.720768
9.16 17.721834
9.165 17.72289
9.17 17.723943
9.175 17.724983
9.18 17.726025
9.185 17.727052
9.19 17.728076
9.195 17.729087
9.2 17.730094
9.205 17.731087
9.21 17.732077
9.215 17.733052
9.22 17.734023
9.225 17.734975
9.23 17.73593
9.235 17.736866
9.24 17.737798
9.245 17.738713
9.25 17.739625
9.255 17.740518
9.26 17.741408
9.265 17.742281
9.27 17.743149
9.275 17.743995
9.28 17.744845
9.285 17.745673
9.29 17.746497
9.295 17.747302
9.3 17.748103
9.305 17.748886
9.31 17.749665
9.315 17.750425
9.32 17.751181
9.325 17.751914
9.33 17.752652
9.335 17.753368
9.34 17.754079
9.345 17.754771
9.35 17.75546
9.355 17.75613
9.36 17.756797
9.365 17.757445
9.37 17.75809
9.375 17.758713
9.38 17.75934
9.385 17.759946
9.39 17.760548
9.395 17.761134
9.4 17.761714
9.405 17.762278
9.41 17.762839
9.415 17.763384
9.42 17.763924
9.425 17.764446
9.43 17.76497
9.435 17.765476
9.44 17.765978
9.445 17.766466
9.45 17.766948
9.455 17.767417
9.46 17.767882
9.465 17.768334
9.47 17.768781
9.475 17.769212
9.48 17.769646
9.485 17.770063
9.49 17.770477
9.495 17.770879
9.5 17.771275
9.505 17.771661
9.51 17.772042
9.515 17.772413
9.52 17.77278
9.525 17.773132
9.53 17.773487
9.535 17.773828
9.54 17.774166
9.545 17.774495
9.55 17.774818
9.555 17.775132
9.56 17.775443
9.565 17.775745
9.57 17.776042
9.575 17.77633
9.58 17.776616
9.585 17.776894
9.59 17.777168
9.595 17.777433
9.6 17.777696
9.605 17.77795
9.61 17.7782
9.615 17.778444
9.62 17.778684
9.625 17.778916
9.63 17.779147
9.635 17.779371
9.64 17.779591
9.645 17.779805
9.65 17.780015
9.655 17.780219
9.66 17.780421
9.665 17.780616
9.67 17.780809
9.675 17.780995
9.68 17.781179
9.685 17.781359
9.69 17.781534
9.695 17.781705
9.7 17.781873
9.705 17.782035
9.71 17.782196
9.715 17.782352
9.72 17.782504
9.725 17.782652
9.73 17.782798
9.735 17.782941
9.74 17.783079
9.745 17.783215
9.75 17.783347
9.755 17.783476
9.76 17.783602
9.765 17.783725
9.77 17.783845
9.775 17.783962
9.78 17.784077
9.785 17.784188
9.79 17.784297
9.795 17.784403
9.8 17.784506
9.805 17.784607
9.81 17.784706
9.815 17.784802
9.82 17.784895
9.825 17.784985
9.83 17.785074
9.835 17.785161
9.84 17.785245
9.845 17.785327
9.85 17.785407
9.855 17.785484
9.86 17.78556
9.865 17.785634
9.87 17.785705
9.875 17.785774
9.88 17.785842
9.885 17.785908
9.89 17.785972
9.895 17.786034
9.9 17.786094
9.905 17.786153
9.91 17.786209
9.915 17.786265
9.92 17.786318
9.925 17.78637
9.93 17.786421
9.935 17.78647
9.94 17.786517
9.945 17.786563
9.95 17.786606
9.955 17.78665
9.96 17.78669
9.965 17.786732
9.97 17.786769
9.975 17.786807
9.98 17.786843
9.985 17.786879
9.99 17.786912
9.995 17.786946
10 17.78698
10.005 17.787016
10.01 17.787052
10.015 17.78709
10.02 17.787128
10.025 17.787167
10.03 17.787208
10.035 17.78725
10.04 17.787291
10.045 17.787334
10.05 17.787378
10.055 17.787423
10.06 17.787468
10.065 17.787514
10.07 17.787561
10.075 17.787609
10.08 17.787657
10.085 17.787707
10.09 17.787756
10.095 17.787807
10.1 17.787859
10.105 17.787911
10.11 17.787963
10.115 17.788017
10.12 17.78807
10.125 17.788125
10.13 17.78818
10.135 17.788236
10.14 17.788292
10.145 17.788349
10.15 17.788406
10.155 17.788464
10.16 17.788522
10.165 17.788582
10.17 17.788641
10.175 17.788701
10.18 17.788761
10.185 17.788822
10.19 17.788884
10.195 17.788946
10.2 17.789008
10.205 17.789071
10.21 17.789133
10.215 17.789197
10.22 17.789261
10.225 17.789325
10.23 17.78939
10.235 17.789455
10.24 17.789521
10.245 17.789587
10.25 17.789653
10.255 17.789719
10.26 17.789786
10.265 17.789853
10.27 17.789921
10.275 17.789988
10.28 17.790056
10.285 17.790125
10.29 17.790194
10.295 17.790263
10.3 17.790332
10.305 17.790401
10.31 17.790471
10.315 17.790541
10.32 17.790611
10.325 17.790682
10.33 17.790752
10.335 17.790823
10.34 17.790895
10.345 17.790966
10.35 17.791038
10.355 17.791109
10.36 17.791181
10.365 17.791254
10.37 17.791326
10.375 17.791398
10.38 17.791471
10.385 17.791544
10.39 17.791617
10.395 17.79169
10.4 17.791763
10.405 17.791837
10.41 17.791911
10.415 17.791984
10.42 17.792058
10.425 17.792132
10.43 17.792206
10.435 17.792281
10.44 17.792355
10.445 17.792429
10.45 17.792504
10.455 17.792579
10.46 17.792654
10.465 17.792729
10.47 17.792803
10.475 17.792878
10.48 17.792954
10.485 17.793029
10.49 17.793104
10.495 17.79318
10.5 17.793255
10.505 17.793331
10.51 17.793406
10.515 17.793482
10.52 17.793557
10.525 17.793633
10.53 17.793709
10.535 17.793785
10.54 17.793861
10.545 17.793936
10.55 17.794012
10.555 17.794088
10.56 17.794164
10.565 17.79424
10.57 17.794316
10.575 17.794392
10.58 17.794468
10.585 17.794545
10.59 17.794621
10.595 17.794697
10.6 17.794773
10.605 17.794849
10.61 17.794925
10.615 17.795001
10.62 17.795077
10.625 17.795153
10.63 17.795229
10.635 17.795305
10.64 17.795382
10.645 17.795458
10.65 17.795534
10.655 17.79561
10.66 17.795686
10.665 17.795762
10.67 17.795837
10.675 17.795913
10.68 17.795989
10.685 17.796065
10.69 17.796141
10.695 17.796216
10.7 17.796292
10.705 17.796368
10.71 17.796444
10.715 17.79652
10.72 17.796595
10.725 17.796671
10.73 17.796746
10.735 17.796822
10.74 17.796897
10.745 17.796972
10.75 17.797048
10.755 17.797123
10.76 17.797198
10.765 17.797273
10.77 17.797348
10.775 17.797422
10.78 17.797498
10.785 17.797573
10.79 17.797648
10.795 17.797722
10.8 17.797797
10.805 17.797872
10.81 17.797946
10.815 17.798021
10.82 17.798095
10.825 17.798169
10.83 17.798244
10.835 17.798318
10.84 17.798392
10.845 17.798466
10.85 17.79854
10.855 17.798614
10.86 17.798688
10.865 17.798761
10.87 17.798835
10.875 17.798908
10.88 17.798982
10.885 17.799055
10.89 17.799129
10.895 17.799202
10.9 17.799275
10.905 17.799348
10.91 17.799421
10.915 17.799493
10.92 17.799566
10.925 17.799638
10.93 17.799712
10.935 17.799784
10.94 17.799856
10.945 17.799928
10.95 17.800001
10.955 17.800073
10.96 17.800145
10.965 17.800217
10.97 17.800288
10.975 17.800359
10.98 17.800432
10.985 17.800503
10.99 17.800575
10.995 17.800646
11 17.800717
11.005 17.800788
11.01 17.800859
11.015 17.80093
11.02 17.801001
11.025 17.80107
11.03 17.801142
11.035 17.801212
11.04 17.801283
11.045 17.801353
11.05 17.801423
11.055 17.801493
11.06 17.801563
11.065 17.801633
11.07 17.801703
11.075 17.801771
11.08 17.801842
11.085 17.801911
11.09 17.80198
11.095 17.802049
11.1 17.802118
11.105 17.802187
11.11 17.802256
11.115 17.802325
11.12 17.802393
11.125 17.802462
11.13 17.80253
11.135 17.802598
11.14 17.802666
11.145 17.802734
11.15 17.802802
11.155 17.80287
11.16 17.802938
11.165 17.803005
11.17 17.803073
11.175 17.803139
11.18 17.803207
11.185 17.803274
11.19 17.803341
11.195 17.803408
11.2 17.803475
11.205 17.803542
11.21 17.803608
11.215 17.803674
11.22 17.803741
11.225 17.803806
11.23 17.803873
11.235 17.803939
11.24 17.804005
11.245 17.80407
11.25 17.804136
11.255 17.804201
11.26 17.804267
11.265 17.804332
11.27 17.804397
11.275 17.804461
11.28 17.804527
11.285 17.804591
11.29 17.804656
11.295 17.80472
11.3 17.804785
11.305 17.804849
11.31 17.804914
11.315 17.804977
11.32 17.805041
11.325 17.805104
11.33 17.805169
11.335 17.805232
11.34 17.805296
11.345 17.805359
11.35 17.805422
11.355 17.805485
11.36 17.805548
11.365 17.805611
11.37 17.805674
11.375 17.805736
11.38 17.805799
11.385 17.805861
11.39 17.805923
11.395 17.805985
11.4 17.806047
11.405 17.806109
11.41 17.806171
11.415 17.806233
11.42 17.806294
11.425 17.806355
11.43 17.806417
11.435 17.806478
11.44 17.806539
11.445 17.8066
11.45 17.806661
11.455 17.806721
11.46 17.806782
11.465 17.806842
11.47 17.806903
11.475 17.806962
11.48 17.807023
11.485 17.807083
11.49 17.807143
11.495 17.807202
11.5 17.807262
11.505 17.807321
11.51 17.807381
11.515 17.80744
11.52 17.807499
11.525 17.807558
11.53 17.807617
11.535 17.807676
11.54 17.807735
11.545 17.807793
11.55 17.807852
11.555 17.80791
11.56 17.807968
11.565 17.808026
11.57 17.808084
11.575 17.808141
11.58 17.8082
11.585 17.808257
11.59 17.808315
11.595 17.808372
11.6 17.808429
11.605 17.808486
11.61 17.808544
11.615 17.8086
11.62 17.808657
11.625 17.808713
11.63 17.80877
11.635 17.808827
11.64 17.808883
11.645 17.808939
11.65 17.808996
11.655 17.809051
11.66 17.809107
11.665 17.809163
11.67 17.809219
11.675 17.809273
11.68 17.80933
11.685 17.809385
11.69 17.80944
11.695 17.809495
11.7 17.80955
11.705 17.809605
11.71 17.809659
11.715 17.809714
11.72 17.809769
11.725 17.809822
11.73 17.809877
11.735 17.809931
11.74 17.809985
11.745 17.810039
11.75 17.810093
11.755 17.810147
11.76 17.8102
11.765 17.810254
11.77 17.810307
11.775 17.81036
11.78 17.810414
11.785 17.810467
11.79 17.81052
11.795 17.810572
11.8 17.810625
11.805 17.810678
11.81 17.81073
11.815 17.810782
11.82 17.810835
11.825 17.810886
11.83 17.810939
11.835 17.810991
11.84 17.811043
11.845 17.811094
11.85 17.811146
11.855 17.811197
11.86 17.811249
11.865 17.8113
11.87 17.811351
11.875 17.811402
11.88 17.811453
11.885 17.811504
11.89 17.811555
11.895 17.811605
11.9 17.811656
11.905 17.811707
11.91 17.811757
11.915 17.811807
11.92 17.811857
11.925 17.811907
11.93 17.811957
11.935 17.812007
11.94 17.812057
11.945 17.812106
11.95 17.812156
11.955 17.812205
11.96 17.812254
11.965 17.812303
11.97 17.812352
11.975 17.812401
11.98 17.81245
11.985 17.812499
11.99 17.812547
11.995 17.812596
12 17.812645
12.005 17.812693
12.01 17.812741
12.015 17.812789
12.02 17.812837
12.025 17.812885
12.03 17.812933
12.035 17.812981
12.04 17.813028
12.045 17.813075
12.05 17.813123
12.055 17.81317
12.06 17.813218
12.065 17.813265
12.07 17.813312
12.075 17.813358
12.08 17.813405
12.085 17.813452
12.09 17.813499
12.095 17.813545
12.1 17.813592
12.105 17.813638
12.11 17.813684
12.115 17.81373
12.12 17.813776
12.125 17.813822
12.13 17.813868
12.135 17.813914
12.14 17.813959
12.145 17.814005
12.15 17.81405
12.155 17.814096
12.16 17.814141
12.165 17.814186
12.17 17.814231
12.175 17.814276
12.18 17.814321
12.185 17.814365
12.19 17.81441
12.195 17.814454
12.2 17.814499
12.205 17.814543
12.21 17.814588
12.215 17.814632
12.22 17.814676
12.225 17.81472
12.23 17.814764
12.235 17.814808
12.24 17.814851
12.245 17.814895
12.25 17.814938
12.255 17.814982
12.26 17.815025
12.265 17.815068
12.27 17.815112
12.275 17.815154
12.28 17.815198
12.285 17.81524
12.29 17.815283
12.295 17.815325
12.3 17.815368
12.305 17.815411
12.31 17.815453
12.315 17.815495
12.32 17.815538
12.325 17.815579
12.33 17.815622
12.335 17.815664
12.34 17.815706
12.345 17.815747
12.35 17.815789
12.355 17.81583
12.36 17.815872
12.365 17.815913
12.37 17.815955
12.375 17.815995
12.38 17.816037
12.385 17.816078
12.39 17.816119
12.395 17.816159
12.4 17.8162
12.405 17.816241
12.41 17.816281
12.415 17.816322
12.42 17.816362
12.425 17.816402
12.43 17.816442
12.435 17.816483
12.44 17.816523
12.445 17.816562
12.45 17.816602
12.455 17.816642
12.46 17.816682
12.465 17.816721
12.47 17.816761
12.475 17.8168
12.48 17.816839
12.485 17.816878
12.49 17.816917
12.495 17.816956
12.5 17.816995
12.505 17.817034
12.51 17.817073
12.515 17.817111
12.52 17.81715
12.525 17.817188
12.53 17.817226
12.535 17.817264
12.54 17.817302
12.545 17.81734
12.55 17.817378
12.555 17.817416
12.56 17.817454
12.565 17.817491
12.57 17.817528
12.575 17.817566
12.58 17.817603
12.585 17.81764
12.59 17.817677
12.595 17.817714
12.6 17.81775
12.605 17.817787
12.61 17.817823
12.615 17.817859
12.62 17.817895
12.625 17.817931
12.63 17.817967
12.635 17.818004
12.64 17.818045
12.645 17.818091
12.65 17.818143
12.655 17.818209
12.66 17.818282
12.665 17.818382
12.67 17.818493
12.675 17.818649
12.68 17.81882
12.685 17.819069
12.69 17.819335
12.695 17.819738
12.7 17.820149
12.705 17.820796
12.71 17.821425
12.715 17.822454
12.72 17.823356
12.725 17.824863
12.73 17.825834
12.735 17.827076
12.74 17.826323
12.745 17.824738
12.75 17.823159
12.755 17.821846
12.76 17.820532
12.765 17.820033
12.77 17.819534
12.775 17.819405
12.78 17.819357
12.785 17.819347
12.79 17.819337
12.795 17.819347
12.8 17.81936
12.805 17.819381
12.81 17.819402
12.815 17.819427
12.82 17.819453
12.825 17.819478
12.83 17.819508
12.835 17.819537
12.84 17.819567
12.845 17.819596
12.85 17.819627
12.855 17.819658
12.86 17.819689
12.865 17.81972
12.87 17.819751
12.875 17.819782
12.88 17.819814
12.885 17.819846
12.89 17.819877
12.895 17.819909
12.9 17.819941
12.905 17.819973
12.91 17.820005
12.915 17.820037
12.92 17.820068
12.925 17.820099
12.93 17.820132
12.935 17.820164
12.94 17.820196
12.945 17.820227
12.95 17.820259
12.955 17.820291
12.96 17.820323
12.965 17.820355
12.97 17.820386
12.975 17.820417
12.98 17.820449
12.985 17.820481
12.99 17.820512
12.995 17.820544
13 17.820575
13.005 17.820607
13.01 17.820638
13.015 17.820669
13.02 17.820701
13.025 17.820731
13.03 17.820763
13.035 17.820794
13.04 17.820825
13.045 17.820856
13.05 17.820887
13.055 17.820918
13.06 17.820949
13.065 17.820979
13.07 17.82101
13.075 17.82104
13.08 17.821071
13.085 17.821102
13.09 17.821132
13.095 17.821163
13.1 17.821193
13.105 17.821224
13.11 17.821254
13.115 17.821284
13.12 17.821314
13.125 17.821344
13.13 17.821374
13.135 17.821404
13.14 17.821434
13.145 17.821464
13.15 17.821494
13.155 17.821524
13.16 17.821554
13.165 17.821583
13.17 17.821613
13.175 17.821642
13.18 17.821672
13.185 17.821701
13.19 17.821731
13.195 17.82176
13.2 17.821789
13.205 17.821818
13.21 17.821848
13.215 17.821877
13.22 17.821906
13.225 17.821934
13.23 17.821964
13.235 17.821993
13.24 17.822021
13.245 17.82205
13.25 17.822079
13.255 17.822108
13.26 17.822136
13.265 17.822165
13.27 17.822193
13.275 17.822221
13.28 17.82225
13.285 17.822278
13.29 17.822307
13.295 17.822335
13.3 17.822363
13.305 17.822391
13.31 17.822419
13.315 17.822447
13.32 17.822475
13.325 17.822503
13.33 17.822531
13.335 17.822559
13.34 17.822587
13.345 17.822614
13.35 17.822642
13.355 17.822669
13.36 17.822697
13.365 17.822724
13.37 17.822752
13.375 17.822779
13.38 17.822806
13.385 17.822834
13.39 17.822861
13.395 17.822888
13.4 17.822915
13.405 17.822942
13.41 17.822969
13.415 17.822996
13.42 17.823023
13.425 17.823049
13.43 17.823077
13.435 17.823103
13.44 17.82313
13.445 17.823156
13.45 17.823183
13.455 17.82321
13.46 17.823236
13.465 17.823262
13.47 17.823289
13.475 17.823315
13.48 17.823341
13.485 17.823368
13.49 17.823394
13.495 17.82342
13.5 17.823446
13.505 17.823472
13.51 17.823498
13.515 17.823524
13.52 17.82355
13.525 17.823575
13.53 17.823601
13.535 17.823627
13.54 17.823653
13.545 17.823678
13.55 17.823704
13.555 17.823729
13.56 17.823755
13.565 17.82378
13.57 17.823806
13.575 17.823831
13.58 17.823856
13.585 17.823881
13.59 17.823907
13.595 17.823932
13.6 17.823957
13.605 17.823982
13.61 17.824007
13.615 17.824032
13.62 17.824057
13.625 17.824081
13.63 17.824106
13.635 17.824131
13.64 17.824156
13.645 17.82418
13.65 17.824205
13.655 17.82423
13.66 17.824254
13.665 17.824278
13.67 17.824303
13.675 17.824327
13.68 17.824351
13.685 17.824376
13.69 17.8244
13.695 17.824424
13.7 17.824448
13.705 17.824472
13.71 17.824496
13.715 17.82452
13.72 17.824544
13.725 17.824568
13.73 17.824592
13.735 17.824616
13.74 17.82464
13.745 17.824663
13.75 17.824687
13.755 17.824711
13.76 17.824734
13.765 17.824758
13.77 17.824781
13.775 17.824805
13.78 17.824828
13.785 17.824852
13.79 17.824875
13.795 17.824898
13.8 17.824921
13.805 17.824945
13.81 17.824968
13.815 17.824991
13.82 17.825014
13.825 17.825037
13.83 17.82506
13.835 17.825083
13.84 17.825106
13.845 17.825128
13.85 17.825151
13.855 17.825174
13.86 17.825197
13.865 17.825219
13.87 17.825242
13.875 17.825264
13.88 17.825287
13.885 17.82531
13.89 17.825332
13.895 17.825354
13.9 17.825377
13.905 17.825399
13.91 17.825421
13.915 17.825444
13.92 17.825466
13.925 17.825488
13.93 17.82551
13.935 17.825532
13.94 17.825554
13.945 17.825576
13.95 17.825598
13.955 17.82562
13.96 17.825642
13.965 17.825664
13.97 17.825686
13.975 17.825707
13.98 17.825729
13.985 17.825751
13.99 17.825773
13.995 17.825794
14 17.825816
14.005 17.825837
14.01 17.825859
14.015 17.82588
14.02 17.825901
14.025 17.825922
14.03 17.825943
14.035 17.825965
14.04 17.825986
14.045 17.826007
14.05 17.826028
14.055 17.826049
14.06 17.82607
14.065 17.826091
14.07 17.826112
14.075 17.826133
14.08 17.826154
14.085 17.826175
14.09 17.826196
14.095 17.826217
14.1 17.826237
14.105 17.826258
14.11 17.826279
14.115 17.826299
14.12 17.82632
14.125 17.826341
14.13 17.826361
14.135 17.826382
14.14 17.826402
14.145 17.826422
14.15 17.826443
14.155 17.826463
14.16 17.826483
14.165 17.826504
14.17 17.826524
14.175 17.826544
14.18 17.826564
14.185 17.826584
14.19 17.826604
14.195 17.826624
14.2 17.826645
14.205 17.826664
14.21 17.826684
14.215 17.826704
14.22 17.826724
14.225 17.826744
14.23 17.826764
14.235 17.826783
14.24 17.826803
14.245 17.826823
14.25 17.826842
14.255 17.826862
14.26 17.826881
14.265 17.826901
14.27 17.826921
14.275 17.82694
14.28 17.826959
14.285 17.826979
14.29 17.826998
14.295 17.827018
14.3 17.827037
14.305 17.827056
14.31 17.827075
14.315 17.827094
14.32 17.827114
14.325 17.827133
14.33 17.827152
14.335 17.827171
14.34 17.82719
14.345 17.827209
14.35 17.827228
14.355 17.827247
14.36 17.827265
14.365 17.827284
14.37 17.827303
14.375 17.827322
14.38 17.827341
14.385 17.827359
14.39 17.827378
14.395 17.827397
14.4 17.827415
14.405 17.827434
14.41 17.827452
14.415 17.827471
14.42 17.827489
14.425 17.827507
14.43 17.827526
14.435 17.827544
14.44 17.827562
14.445 17.827581
14.45 17.827599
14.455 17.827617
14.46 17.827635
14.465 17.827654
14.47 17.827672
14.475 17.82769
14.48 17.827708
14.485 17.827726
14.49 17.827744
14.495 17.827762
14.5 17.82778
14.505 17.827798
14.51 17.827816
14.515 17.827833
14.52 17.827851
14.525 17.827869
14.53 17.827887
14.535 17.827904
14.54 17.827922
14.545 17.82794
14.55 17.827958
14.555 17.827975
14.56 17.827993
14.565 17.82801
14.57 17.828028
14.575 17.828045
14.58 17.828062
14.585 17.82808
14.59 17.828097
14.595 17.828115
14.6 17.828132
14.605 17.828149
14.61 17.828166
14.615 17.828184
14.62 17.828201
14.625 17.828218
14.63 17.828235
14.635 17.828252
14.64 17.828269
14.645 17.828286
14.65 17.828303
14.655 17.82832
14.66 17.828337
14.665 17.828354
14.67 17.828371
14.675 17.828388
14.68 17.828404
14.685 17.828421
14.69 17.828438
14.695 17.828455
14.7 17.828472
14.705 17.828488
14.71 17.828505
14.715 17.828521
14.72 17.828538
14.725 17.828555
14.73 17.828571
14.735 17.828588
14.74 17.828604
14.745 17.82862
14.75 17.828637
14.755 17.828653
14.76 17.82867
14.765 17.828686
14.77 17.828702
14.775 17.828719
14.78 17.828735
14.785 17.828751
14.79 17.828767
14.795 17.828783
14.8 17.828799
14.805 17.828816
14.81 17.828832
14.815 17.828848
14.82 17.828864
14.825 17.82888
14.83 17.828896
14.835 17.828912
14.84 17.828928
14.845 17.828944
14.85 17.828959
14.855 17.828975
14.86 17.828991
14.865 17.829007
14.87 17.829023
14.875 17.829039
14.88 17.829054
14.885 17.82907
14.89 17.829086
14.895 17.829101
14.9 17.829117
14.905 17.829133
14.91 17.829148
14.915 17.829164
14.92 17.829179
14.925 17.829195
14.93 17.82921
14.935 17.829226
14.94 17.829241
14.945 17.829257
14.95 17.829272
14.955 17.829288
14.96 17.829303
14.965 17.829319
14.97 17.829334
14.975 17.82935
14.98 17.829365
14.985 17.829381
14.99 17.829396
14.995 17.829411
15 17.829427
15.005 17.829218
15.01 17.829218
15.015 17.829218
15.02 17.829218
15.025 17.829218
15.03 17.829218
15.035 17.829218
15.04 17.829218
15.045 17.829218
15.05 17.829218
15.055 17.829218
15.06 17.829218
15.065 17.829218
15.07 17.829218
15.075 17.829218
15.08 17.829218
15.085 17.829218
15.09 17.829218
15.095 17.829218
15.1 17.829218
15.105 17.829218
15.11 17.829218
15.115 17.829218
15.12 17.829218
15.125 17.829218
15.13 17.829218
15.135 17.829218
15.14 17.829218
15.145 17.829218
15.15 17.829218
15.155 17.829218
15.16 17.829218
15.165 17.829218
15.17 17.829218
15.175 17.829218
15.18 17.829218
15.185 17.829218
15.19 17.829218
15.195 17.829218
15.2 17.829218
15.205 17.829218
15.21 17.829218
15.215 17.829218
15.22 17.829218
15.225 17.829218
15.23 17.829218
15.235 17.829218
15.24 17.829218
15.245 17.829218
15.25 17.829218
15.255 17.829218
15.26 17.829218
15.265 17.829218
15.27 17.829218
15.275 17.829218
15.28 17.829218
15.285 17.829218
15.29 17.829218
15.295 17.829218
15.3 17.829218
15.305 17.829218
15.31 17.829218
15.315 17.829218
15.32 17.829218
15.325 17.829218
15.33 17.829218
15.335 17.829218
15.34 17.829218
15.345 17.829218
15.35 17.829218
15.355 17.829218
15.36 17.829218
15.365 17.829218
15.37 17.829218
15.375 17.829218
15.38 17.829218
15.385 17.829218
15.39 17.829218
15.395 17.829218
15.4 17.829218
15.405 17.829218
15.41 17.829218
15.415 17.829218
15.42 17.829218
15.425 17.829218
15.43 17.829218
15.435 17.829218
15.44 17.829218
15.445 17.829218
15.45 17.829218
15.455 17.829218
15.46 17.829218
15.465 17.829218
15.47 17.829218
15.475 17.829218
15.48 17.829218
15.485 17.829218
15.49 17.829218
15.495 17.829218
15.5 17.829218
15.505 17.829218
15.51 17.829218
15.515 17.829218
15.52 17.829218
15.525 17.829218
15.53 17.829218
15.535 17.829218
15.54 17.829218
15.545 17.829218
15.55 17.829218
15.555 17.829218
15.56 17.829218
15.565 17.829218
15.57 17.829218
15.575 17.829218
15.58 17.829218
15.585 17.829218
15.59 17.829218
15.595 17.829218
15.6 17.829218
15.605 17.829218
15.61 17.829218
15.615 17.829218
15.62 17.829218
15.625 17.829218
15.63 17.829218
15.635 17.829218
15.64 17.829218
15.645 17.829218
15.65 17.829218
15.655 17.829218
15.66 17.829218
15.665 17.829218
15.67 17.829218
15.675 17.829218
15.68 17.829218
15.685 17.829218
15.69 17.829218
15.695 17.829218
15.7 17.829218
15.705 17.829218
15.71 17.829218
15.715 17.829218
15.72 17.829218
15.725 17.829218
15.73 17.829218
15.735 17.829218
15.74 17.829218
15.745 17.829218
15.75 17.829218
15.755 17.829218
15.76 17.829218
15.765 17.829218
15.77 17.829218
15.775 17.829218
15.78 17.829218
15.785 17.829218
15.79 17.829218
15.795 17.829218
15.8 17.829218
15.805 17.829218
15.81 17.829218
15.815 17.829218
15.82 17.829218
15.825 17.829218
15.83 17.829218
15.835 17.829218
15.84 17.829218
15.845 17.829218
15.85 17.829218
15.855 17.829218
15.86 17.829218
15.865 17.829218
15.87 17.829218
15.875 17.829218
15.88 17.829218
15.885 17.829218
15.89 17.829218
15.895 17.829218
15.9 17.829218
15.905 17.829218
15.91 17.829218
15.915 17.829218
15.92 17.829218
15.925 17.829218
15.93 17.829218
15.935 17.829218
15.94 17.829218
15.945 17.829218
15.95 17.829218
15.955 17.829218
15.96 17.829218
15.965 17.829218
15.97 17.829218
15.975 17.829218
15.98 17.829218
15.985 17.829218
15.99 17.829218
15.995 17.829218
16 17.829218
16.005 17.829218
16.01 17.829218
16.015 17.829218
16.02 17.829218
16.025 17.829218
16.03 17.829218
16.035 17.829218
16.04 17.829218
16.045 17.829218
16.05 17.829218
16.055 17.829218
16.06 17.829218
16.065 17.829218
16.07 17.829218
16.075 17.829218
16.08 17.829218
16.085 17.829218
16.09 17.829218
16.095 17.829218
16.1 17.829218
16.105 17.829218
16.11 17.829218
16.115 17.829218
16.12 17.829218
16.125 17.829218
16.13 17.829218
16.135 17.829218
16.14 17.829218
16.145 17.829218
16.15 17.829218
16.155 17.829218
16.16 17.829218
16.165 17.829218
16.17 17.829218
16.175 17.829218
16.18 17.829218
16.185 17.829218
16.19 17.829218
16.195 17.829218
16.2 17.829218
16.205 17.829218
16.21 17.829218
16.215 17.829218
16.22 17.829218
16.225 17.829218
16.23 17.829218
16.235 17.829218
16.24 17.829218
16.245 17.829218
16.25 17.829218
16.255 17.829218
16.26 17.829218
16.265 17.829218
16.27 17.829218
16.275 17.829218
16.28 17.829218
16.285 17.829218
16.29 17.829218
16.295 17.829218
16.3 17.829218
16.305 17.829218
16.31 17.829218
16.315 17.829218
16.32 17.829218
16.325 17.829218
16.33 17.829218
16.335 17.829218
16.34 17.829218
16.345 17.829218
16.35 17.829218
16.355 17.829218
16.36 17.829218
16.365 17.829218
16.37 17.829218
16.375 17.829218
16.38 17.829218
16.385 17.829218
16.39 17.829218
16.395 17.829218
16.4 17.829218
16.405 17.829218
16.41 17.829218
16.415 17.829218
16.42 17.829218
16.425 17.829218
16.43 17.829218
16.435 17.829218
16.44 17.829218
16.445 17.829218
16.45 17.829218
16.455 17.829218
16.46 17.829218
16.465 17.829218
16.47 17.829218
16.475 17.829218
16.48 17.829218
16.485 17.829218
16.49 17.829218
16.495 17.829218
16.5 17.829218
16.505 17.829218
16.51 17.829218
16.515 17.829218
16.52 17.829218
16.525 17.829218
16.53 17.829218
16.535 17.829218
16.54 17.829218
16.545 17.829218
16.55 17.829218
16.555 17.829218
16.56 17.829218
16.565 17.829218
16.57 17.829218
16.575 17.829218
16.58 17.829218
16.585 17.829218
16.59 17.829218
16.595 17.829218
16.6 17.829218
16.605 17.829218
16.61 17.829218
16.615 17.829218
16.62 17.829218
16.625 17.829218
16.63 17.829218
16.635 17.829218
16.64 17.829218
16.645 17.829218
16.65 17.829218
16.655 17.829218
16.66 17.829218
16.665 17.829218
16.67 17.829218
16.675 17.829218
16.68 17.829218
16.685 17.829218
16.69 17.829218
16.695 17.829218
16.7 17.829218
16.705 17.829218
16.71 17.829218
16.715 17.829218
16.72 17.829218
16.725 17.829218
16.73 17.829218
16.735 17.829218
16.74 17.829218
16.745 17.829218
16.75 17.829218
16.755 17.829218
16.76 17.829218
16.765 17.829218
16.77 17.829218
16.775 17.829218
16.78 17.829218
16.785 17.829218
16.79 17.829218
16.795 17.829218
16.8 17.829218
16.805 17.829218
16.81 17.829218
16.815 17.829218
16.82 17.829218
16.825 17.829218
16.83 17.829218
16.835 17.829218
16.84 17.829218
16.845 17.829218
16.85 17.829218
16.855 17.829218
16.86 17.829218
16.865 17.829218
16.87 17.829218
16.875 17.829218
16.88 17.829218
16.885 17.829218
16.89 17.829218
16.895 17.829218
16.9 17.829218
16.905 17.829218
16.91 17.829218
16.915 17.829218
16.92 17.829218
16.925 17.829218
16.93 17.829218
16.935 17.829218
16.94 17.829218
16.945 17.829218
16.95 17.829218
16.955 17.829218
16.96 17.829218
16.965 17.829218
16.97 17.829218
16.975 17.829218
16.98 17.829218
16.985 17.829218
16.99 17.829218
16.995 17.829218
17 17.829218
17.005 17.829218
17.01 17.829218
17.015 17.829218
17.02 17.829218
17.025 17.829218
17.03 17.829218
17.035 17.829218
17.04 17.829218
17.045 17.829218
17.05 17.829218
17.055 17.829218
17.06 17.829218
17.065 17.829218
17.07 17.829218
17.075 17.829218
17.08 17.829218
17.085 17.829218
17.09 17.829218
17.095 17.829218
17.1 17.829218
17.105 17.829218
17.11 17.829218
17.115 17.829218
17.12 17.829218
17.125 17.829218
17.13 17.829218
17.135 17.829218
17.14 17.829218
17.145 17.829218
17.15 17.829218
17.155 17.829218
17.16 17.829218
17.165 17.829218
17.17 17.829218
17.175 17.829218
17.18 17.829218
17.185 17.829218
17.19 17.829218
17.195 17.829218
17.2 17.829218
17.205 17.829218
17.21 17.829218
17.215 17.829218
17.22 17.829218
17.225 17.829218
17.23 17.829218
17.235 17.829218
17.24 17.829218
17.245 17.829218
17.25 17.829218
17.255 17.829218
17.26 17.829218
17.265 17.829218
17.27 17.829218
17.275 17.829218
17.28 17.829218
17.285 17.829218
17.29 17.829218
17.295 17.829218
17.3 17.829218
17.305 17.829218
17.31 17.829218
17.315 17.829218
17.32 17.829218
17.325 17.829218
17.33 17.829218
17.335 17.829218
17.34 17.829218
17.345 17.829218
17.35 17.829218
17.355 17.829218
17.36 17.829218
17.365 17.829218
17.37 17.829218
17.375 17.829218
17.38 17.829218
17.385 17.829218
17.39 17.829218
17.395 17.829218
17.4 17.829218
17.405 17.829218
17.41 17.829218
17.415 17.829218
17.42 17.829218
17.425 17.829218
17.43 17.829218
17.435 17.829218
17.44 17.829218
17.445 17.829218
17.45 17.829218
17.455 17.829218
17.46 17.829218
17.465 17.829218
17.47 17.829218
17.475 17.829218
17.48 17.829218
17.485 17.829218
17.49 17.829218
17.495 17.829218
17.5 17.829218
17.505 17.829218
17.51 17.829218
17.515 17.829218
17.52 17.829218
17.525 17.829218
17.53 17.829218
17.535 17.829218
17.54 17.829218
17.545 17.829218
17.55 17.829218
17.555 17.829218
17.56 17.829218
17.565 17.829218
17.57 17.829218
17.575 17.829218
17.58 17.829218
17.585 17.829218
17.59 17.829218
17.595 17.829218
17.6 17.829218
17.605 17.829218
17.61 17.829218
17.615 17.829218
17.62 17.829218
17.625 17.829218
17.63 17.829218
17.635 17.829218
17.64 17.829218
17.645 17.829218
17.65 17.829218
17.655 17.829218
17.66 17.829218
17.665 17.829218
17.67 17.829218
17.675 17.829218
17.68 17.829218
17.685 17.829218
17.69 17.829218
17.695 17.829218
17.7 17.829218
17.705 17.829218
17.71 17.829218
17.715 17.829218
17.72 17.829218
17.725 17.829218
17.73 17.829218
17.735 17.829218
17.74 17.829218
17.745 17.829218
17.75 17.829218
17.755 17.829218
17.76 17.829218
17.765 17.829218
17.77 17.829218
17.775 17.829218
17.78 17.829218
17.785 17.829218
17.79 17.829218
17.795 17.829218
17.8 17.829218
17.805 17.829218
17.81 17.829218
17.815 17.829218
17.82 17.829218
17.825 17.829218
17.83 17.829218
17.835 17.829218
17.84 17.829218
17.845 17.829218
17.85 17.829218
17.855 17.829218
17.86 17.829218
17.865 17.829218
17.87 17.829218
17.875 17.829218
17.88 17.829218
17.885 17.829218
17.89 17.829218
17.895 17.829218
17.9 17.829218
17.905 17.829218
17.91 17.829218
17.915 17.829218
17.92 17.829218
17.925 17.829218
17.93 17.829218
17.935 17.829218
17.94 17.829218
17.945 17.829218
17.95 17.829218
17.955 17.829218
17.96 17.829218
17.965 17.829218
17.97 17.829218
17.975 17.829218
17.98 17.829218
17.985 17.829218
17.99 17.829218
17.995 17.829218
18 17.829218
18.005 17.829218
18.01 17.829218
18.015 17.829218
18.02 17.829218
18.025 17.829218
18.03 17.829218
18.035 17.829218
18.04 17.829218
18.045 17.829218
18.05 17.829218
18.055 17.829218
18.06 17.829218
18.065 17.829218
18.07 17.829218
18.075 17.829218
18.08 17.829218
18.085 17.829218
18.09 17.829218
18.095 17.829218
18.1 17.829218
18.105 17.829218
18.11 17.829218
18.115 17.829218
18.12 17.829218
18.125 17.829218
18.13 17.829218
18.135 17.829218
18.14 17.829218
18.145 17.829218
18.15 17.829218
18.155 17.829218
18.16 17.829218
18.165 17.829218
18.17 17.829218
18.175 17.829218
18.18 17.829218
18.185 17.829218
18.19 17.829218
18.195 17.829218
18.2 17.829218
18.205 17.829218
18.21 17.829218
18.215 17.829218
18.22 17.829218
18.225 17.829218
18.23 17.829218
18.235 17.829218
18.24 17.829218
18.245 17.829218
18.25 17.829218
18.255 17.829218
18.26 17.829218
18.265 17.829218
18.27 17.829218
18.275 17.829218
18.28 17.829218
18.285 17.829218
18.29 17.829218
18.295 17.829218
18.3 17.829218
18.305 17.829218
18.31 17.829218
18.315 17.829218
18.32 17.829218
18.325 17.829218
18.33 17.829218
18.335 17.829218
18.34 17.829218
18.345 17.829218
18.35 17.829218
18.355 17.829218
18.36 17.829218
18.365 17.829218
18.37 17.829218
18.375 17.829218
18.38 17.829218
18.385 17.829218
18.39 17.829218
18.395 17.829218
18.4 17.829218
18.405 17.829218
18.41 17.829218
18.415 17.829218
18.42 17.829218
18.425 17.829218
18.43 17.829218
18.435 17.829218
18.44 17.829218
18.445 17.829218
18.45 17.829218
18.455 17.829218
18.46 17.829218
18.465 17.829218
18.47 17.829218
18.475 17.829218
18.48 17.829218
18.485 17.829218
18.49 17.829218
18.495 17.829218
18.5 17.829218
18.505 17.829218
18.51 17.829218
18.515 17.829218
18.52 17.829218
18.525 17.829218
18.53 17.829218
18.535 17.829218
18.54 17.829218
18.545 17.829218
18.55 17.829218
18.555 17.829218
18.56 17.829218
18.565 17.829218
18.57 17.829218
18.575 17.829218
18.58 17.829218
18.585 17.829218
18.59 17.829218
18.595 17.829218
18.6 17.829218
18.605 17.829218
18.61 17.829218
18.615 17.829218
18.62 17.829218
18.625 17.829218
18.63 17.829218
18.635 17.829218
18.64 17.829218
18.645 17.829218
18.65 17.829218
18.655 17.829218
18.66 17.829218
18.665 17.829218
18.67 17.829218
18.675 17.829218
18.68 17.829218
18.685 17.829218
18.69 17.829218
18.695 17.829218
18.7 17.829218
18.705 17.829218
18.71 17.829218
18.715 17.829218
18.72 17.829218
18.725 17.829218
18.73 17.829218
18.735 17.829218
18.74 17.829218
18.745 17.829218
18.75 17.829218
18.755 17.829218
18.76 17.829218
18.765 17.829218
18.77 17.829218
18.775 17.829218
18.78 17.829218
18.785 17.829218
18.79 17.829218
18.795 17.829218
18.8 17.829218
18.805 17.829218
18.81 17.829218
18.815 17.829218
18.82 17.829218
18.825 17.829218
18.83 17.829218
18.835 17.829218
18.84 17.829218
18.845 17.829218
18.85 17.829218
18.855 17.829218
18.86 17.829218
18.865 17.829218
18.87 17.829218
18.875 17.829218
18.88 17.829218
18.885 17.829218
18.89 17.829218
18.895 17.829218
18.9 17.829218
18.905 17.829218
18.91 17.829218
18.915 17.829218
18.92 17.829218
18.925 17.829218
18.93 17.829218
18.935 17.829218
18.94 17.829218
18.945 17.829218
18.95 17.829218
18.955 17.829218
18.96 17.829218
18.965 17.829218
18.97 17.829218
18.975 17.829218
18.98 17.829218
18.985 17.829218
18.99 17.829218
18.995 17.829218
19 17.829218
19.005 17.829218
19.01 17.829218
19.015 17.829218
19.02 17.829218
19.025 17.829218
19.03 17.829218
19.035 17.829218
19.04 17.829218
19.045 17.829218
19.05 17.829218
19.055 17.829218
19.06 17.829218
19.065 17.829218
19.07 17.829218
19.075 17.829218
19.08 17.829218
19.085 17.829218
19.09 17.829218
19.095 17.829218
19.1 17.829218
19.105 17.829218
19.11 17.829218
19.115 17.829218
19.12 17.829218
19.125 17.829218
19.13 17.829218
19.135 17.829218
19.14 17.829218
19.145 17.829218
19.15 17.829218
19.155 17.829218
19.16 17.829218
19.165 17.829218
19.17 17.829218
19.175 17.829218
19.18 17.829218
19.185 17.829218
19.19 17.829218
19.195 17.829218
19.2 17.829218
19.205 17.829218
19.21 17.829218
19.215 17.829218
19.22 17.829218
19.225 17.829218
19.23 17.829218
19.235 17.829218
19.24 17.829218
19.245 17.829218
19.25 17.829218
19.255 17.829218
19.26 17.829218
19.265 17.829218
19.27 17.829218
19.275 17.829218
19.28 17.829218
19.285 17.829218
19.29 17.829218
19.295 17.829218
19.3 17.829218
19.305 17.829218
19.31 17.829218
19.315 17.829218
19.32 17.829218
19.325 17.829218
19.33 17.829218
19.335 17.829218
19.34 17.829218
19.345 17.829218
19.35 17.829218
19.355 17.829218
19.36 17.829218
19.365 17.829218
19.37 17.829218
19.375 17.829218
19.38 17.829218
19.385 17.829218
19.39 17.829218
19.395 17.829218
19.4 17.829218
19.405 17.829218
19.41 17.829218
19.415 17.829218
19.42 17.829218
19.425 17.829218
19.43 17.829218
19.435 17.829218
19.44 17.829218
19.445 17.829218
19.45 17.829218
19.455 17.829218
19.46 17.829218
19.465 17.829218
19.47 17.829218
19.475 17.829218
19.48 17.829218
19.485 17.829218
19.49 17.829218
19.495 17.829218
19.5 17.829218
19.505 17.829218
19.51 17.829218
19.515 17.829218
19.52 17.829218
19.525 17.829218
19.53 17.829218
19.535 17.829218
19.54 17.829218
19.545 17.829218
19.55 17.829218
19.555 17.829218
19.56 17.829218
19.565 17.829218
19.57 17.829218
19.575 17.829218
19.58 17.829218
19.585 17.829218
19.59 17.829218
19.595 17.829218
19.6 17.829218
19.605 17.829218
19.61 17.829218
19.615 17.829218
19.62 17.829218
19.625 17.829218
19.63 17.829218
19.635 17.829218
19.64 17.829218
19.645 17.829218
19.65 17.829218
19.655 17.829218
19.66 17.829218
19.665 17.829218
19.67 17.829218
19.675 17.829218
19.68 17.829218
19.685 17.829218
19.69 17.829218
19.695 17.829218
19.7 17.829218
19.705 17.829218
19.71 17.829218
19.715 17.829218
19.72 17.829218
19.725 17.829218
19.73 17.829218
19.735 17.829218
19.74 17.829218
19.745 17.829218
19.75 17.829218
19.755 17.829218
19.76 17.829218
19.765 17.829218
19.77 17.829218
19.775 17.829218
19.78 17.829218
19.785 17.829218
19.79 17.829218
19.795 17.829218
19.8 17.829218
19.805 17.829218
19.81 17.829218
19.815 17.829218
19.82 17.829218
19.825 17.829218
19.83 17.829218
19.835 17.829218
19.84 17.829218
19.845 17.829218
19.85 17.829218
19.855 17.829218
19.86 17.829218
19.865 17.829218
19.87 17.829218
19.875 17.829218
19.88 17.829218
19.885 17.829218
19.89 17.829218
19.895 17.829218
19.9 17.829218
19.905 17.829218
19.91 17.829218
19.915 17.829218
19.92 17.829218
19.925 17.829218
19.93 17.829218
19.935 17.829218
19.94 17.829218
19.945 17.829218
19.95 17.829218
19.955 17.829218
19.96 17.829218
19.965 17.829218
19.97 17.829218
19.975 17.829218
19.98 17.829218
19.985 17.829218
19.99 17.829218
19.995 17.829218

