0.25 134.9344
0.255 132.73841
0.26 130.66162
0.265 128.74662
0.27 126.83162
0.275 124.91662
0.28 123.20865
0.285 121.52395
0.29 119.83925
0.295 118.22598
0.3 116.73239
0.305 115.2388
0.31 113.74521
0.315 112.38767
0.32 111.05442
0.325 109.72118
0.33 108.43183
0.335 107.23442
0.34 106.03701
0.345 104.8396
0.35 103.73481
0.355 102.65348
0.36 101.57215
0.365 100.51809
0.37 99.536743
0.375 98.555395
0.38 97.574048
0.385 96.657527
0.39 95.762908
0.395 94.868288
0.4 93.990495
0.405 93.171593
0.41 92.352691
0.415 91.53379
0.42 90.761233
0.425 90.008827
0.43 89.25642
0.435 88.514096
0.44 87.820402
0.445 87.126707
0.45 86.433013
0.455 85.772998
0.46 85.131402
0.465 84.489806
0.47 83.853838
0.475 83.258683
0.48 82.663529
0.485 82.068374
0.49 81.497996
0.495 80.944416
0.5 80.390836
0.505 79.839898
0.51 79.323684
0.515 78.80747
0.52 78.291256
0.525 77.793426
0.53 77.310918
0.535 76.82841
0.54 76.346518
0.545 75.894519
0.55 75.44252
0.555 74.990522
0.56 74.552235
0.565 74.12794
0.57 73.703645
0.575 73.27935
0.58 72.879524
0.585 72.480462
0.59 72.0814
0.595 71.692581
0.6 71.316566
0.605 70.940551
0.61 70.564536
0.615 70.207922
0.62 69.853013
0.625 69.498105
0.63 69.15083
0.635 68.815299
0.64 68.479768
0.645 68.144237
0.65 67.824198
0.655 67.5065
0.66 67.188802
0.665 66.876753
0.67 66.575504
0.675 66.274254
0.68 65.973004
0.685 65.684193
0.69 65.398147
0.695 65.1121
0.7 64.830178
0.705 64.558212
0.71 64.286245
0.715 64.014279
0.72 63.752343
0.725 63.493442
0.73 63.234542
0.735 62.978586
0.74 62.731832
0.745 62.485077
0.75 62.238323
0.755 61.999681
0.76 61.764238
0.765 61.528795
0.77 61.295377
0.775 61.070484
0.78 60.845592
0.785 60.6207
0.79 60.402379
0.795 60.187344
0.8 59.972308
0.805 59.758578
0.81 59.552765
0.815 59.346953
0.82 59.141141
0.825 58.940654
0.83 58.743483
0.835 58.546313
0.84 58.34988
0.845 58.160819
0.85 57.971758
0.855 57.782697
0.86 57.597945
0.865 57.416503
0.87 57.23506
0.875 57.053907
0.88 56.879632
0.885 56.705357
0.89 56.531082
0.895 56.360285
0.9 56.19276
0.905 56.025236
0.91 55.857712
0.915 55.696489
0.92 55.535331
0.925 55.374173
0.93 55.215807
0.935 55.060659
0.94 54.905511
0.945 54.750363
0.95 54.60055
0.955 54.451082
0.96 54.301614
0.965 54.154371
0.97 54.010276
0.975 53.866181
0.98 53.722087
0.985 53.582516
0.99 53.44351
0.995 53.304504
1 53.167253
1.005 53.033071
1.01 52.898889
1.015 52.764708
1.02 52.634363
1.025 52.504759
1.03 52.375155
1.035 52.246911
1.04 52.121654
1.045 51.996396
1.05 51.871139
1.055 51.749136
1.06 51.628011
1.065 51.506885
1.07 51.386792
1.075 51.269597
1.08 51.152402
1.085 51.035207
1.09 50.920771
1.095 50.807319
1.1 50.693866
1.105 50.58117
1.11 50.471284
1.115 50.361397
1.12 50.25151
1.125 50.14396
1.13 50.037473
1.135 49.930987
1.14 49.825026
1.145 49.721785
1.15 49.618544
1.155 49.515303
1.16 49.414033
1.165 49.313891
1.17 49.213749
1.175 49.113936
1.18 49.016755
1.185 48.919575
1.19 48.822394
1.195 48.726872
1.2 48.632524
1.205 48.538175
1.21 48.443991
1.215 48.352352
1.22 48.260713
1.225 48.169074
1.23 48.078825
1.235 47.989781
1.24 47.900737
1.245 47.811719
1.25 47.725161
1.255 47.638603
1.26 47.552046
1.265 47.466644
1.27 47.38247
1.275 47.298295
1.28 47.214121
1.285 47.132141
1.29 47.050254
1.295 46.968366
1.3 46.887431
1.305 46.807738
1.31 46.728045
1.315 46.648352
1.32 46.570574
1.325 46.492988
1.33 46.415403
1.335 46.338594
1.34 46.263033
1.345 46.187472
1.35 46.111912
1.355 46.038022
1.36 45.964408
1.365 45.890794
1.37 45.817804
1.375 45.746062
1.38 45.67432
1.385 45.602578
1.39 45.532293
1.395 45.462353
1.4 45.392413
1.405 45.322964
1.41 45.254759
1.415 45.186554
1.42 45.118349
1.425 45.051409
1.43 44.984875
1.435 44.918341
1.44 44.852182
1.445 44.787258
1.45 44.722334
1.455 44.657411
1.46 44.593585
1.465 44.530214
1.47 44.466843
1.475 44.403744
1.48 44.341871
1.485 44.279998
1.49 44.218124
1.495 44.1572
1.5 44.096772
1.505 44.036343
1.51 43.976098
1.515 43.917065
1.52 43.858032
1.525 43.798999
1.53 43.740782
1.535 43.683096
1.54 43.625411
1.545 43.56783
1.55 43.511446
1.555 43.455062
1.56 43.398678
1.565 43.342992
1.57 43.287866
1.575 43.23274
1.58 43.177651
1.585 43.123742
1.59 43.069832
1.595 43.015923
1.6 42.962608
1.605 42.909875
1.61 42.857142
1.615 42.804409
1.62 42.752792
1.625 42.701198
1.63 42.649604
1.635 42.59851
1.64 42.548018
1.645 42.497526
1.65 42.447034
1.655 42.397533
1.66 42.348108
1.665 42.298683
1.67 42.249676
1.675 42.201285
1.68 42.152893
1.685 42.104502
1.69 42.056991
1.695 42.009601
1.7 41.962211
1.705 41.915165
1.71 41.868746
1.715 41.822327
1.72 41.775908
1.725 41.730269
1.73 41.684791
1.735 41.639313
1.74 41.594112
1.745 41.549547
1.75 41.504983
1.755 41.460418
1.76 41.416542
1.765 41.372863
1.77 41.329184
1.775 41.285722
1.78 41.242902
1.785 41.200083
1.79 41.157263
1.795 41.115051
1.8 41.073066
1.805 41.031081
1.81 40.989259
1.815 40.948085
1.82 40.90691
1.825 40.865735
1.83 40.825093
1.835 40.784705
1.84 40.744318
1.845 40.704046
1.85 40.664423
1.855 40.6248
1.86 40.585177
1.865 40.546019
1.87 40.507139
1.875 40.468259
1.88 40.429453
1.885 40.391295
1.89 40.353138
1.895 40.314981
1.9 40.277228
1.905 40.239773
1.91 40.202318
1.915 40.164898
1.92 40.128126
1.925 40.091355
1.93 40.054583
1.935 40.018161
1.94 39.982054
1.945 39.945947
1.95 39.90984
1.955 39.873896
1.96 39.837952
1.965 39.802007
1.97 39.766063
1.975 39.730118
1.98 39.694174
1.985 39.65823
1.99 39.622285
1.995 39.586341
2 39.550396
2.005 39.514452
2.01 39.478508
2.015 39.442563
2.02 39.406619
2.025 39.370674
2.03 39.33473
2.035 39.298786
2.04 39.262841
2.045 39.226897
2.05 39.190952
2.055 39.155008
2.06 39.119064
2.065 39.083119
2.07 39.047175
2.075 39.01123
2.08 38.975286
2.085 38.939342
2.09 38.903397
2.095 38.867453
2.1 38.831508
2.105 38.795564
2.11 38.75962
2.115 38.723675
2.12 38.687731
2.125 38.651786
2.13 38.615842
2.135 38.579898
2.14 38.543953
2.145 38.508009
2.15 38.472064
2.155 38.43612
2.16 38.400176
2.165 38.364231
2.17 38.328287
2.175 38.292342
2.18 38.256398
2.185 38.220454
2.19 38.184509
2.195 38.148565
2.2 38.11262
2.205 38.076676
2.21 38.040732
2.215 38.004787
2.22 37.968843
2.225 37.932898
2.23 37.896954
2.235 37.86101
2.24 37.825065
2.245 37.789121
2.25 37.753176
2.255 37.717232
2.26 37.681288
2.265 37.645343
2.27 37.609399
2.275 37.573454
2.28 37.53751
2.285 37.501566
2.29 37.465621
2.295 37.429677
2.3 37.393732
2.305 37.357788
2.31 37.321844
2.315 37.285899
2.32 37.249955
2.325 37.21401
2.33 37.178066
2.335 37.142122
2.34 37.106177
2.345 37.070233
2.35 37.034288
2.355 36.998344
2.36 36.9624
2.365 36.926455
2.37 36.890511
2.375 36.854566
2.38 36.818622
2.385 36.782678
2.39 36.746733
2.395 36.710789
2.4 36.674845
2.405 36.6389
2.41 36.602956
2.415 36.567011
2.42 36.531067
2.425 36.495123
2.43 36.459178
2.435 36.423234
2.44 36.387289
2.445 36.351345
2.45 36.315401
2.455 36.279456
2.46 36.243512
2.465 36.207567
2.47 36.171623
2.475 36.135679
2.48 36.099734
2.485 36.06379
2.49 36.027845
2.495 35.991901
2.5 35.955957
2.505 35.90379
2.51 35.851623
2.515 35.799456
2.52 35.747289
2.525 35.695122
2.53 35.644604
2.535 35.594086
2.54 35.543568
2.545 35.49305
2.55 35.442532
2.555 35.393582
2.56 35.344632
2.565 35.295681
2.57 35.246731
2.575 35.19778
2.58 35.150321
2.585 35.102861
2.59 35.055402
2.595 35.007942
2.6 34.960483
2.605 34.914439
2.61 34.868395
2.615 34.822352
2.62 34.776308
2.625 34.730264
2.63 34.68617
2.635 34.642076
2.64 34.597982
2.645 34.553888
2.65 34.509794
2.655 34.46664
2.66 34.423485
2.665 34.38033
2.67 34.337175
2.675 34.29402
2.68 34.251705
2.685 34.209391
2.69 34.167076
2.695 34.124762
2.7 34.082447
2.705 34.041259
2.71 34.000071
2.715 33.958883
2.72 33.917695
2.725 33.876507
2.73 33.836052
2.735 33.795596
2.74 33.75514
2.745 33.714685
2.75 33.674229
2.755 33.634808
2.76 33.595387
2.765 33.555966
2.77 33.516545
2.775 33.477123
2.78 33.438715
2.785 33.400306
2.79 33.361897
2.795 33.323488
2.8 33.285079
2.805 33.247649
2.81 33.21022
2.815 33.17279
2.82 33.13536
2.825 33.09793
2.83 33.061434
2.835 33.024938
2.84 32.988441
2.845 32.951945
2.85 32.915448
2.855 32.87984
2.86 32.844231
2.865 32.808622
2.87 32.773014
2.875 32.737405
2.88 32.702647
2.885 32.667888
2.89 32.63313
2.895 32.598371
2.9 32.563613
2.905 32.529659
2.91 32.495705
2.915 32.461751
2.92 32.427797
2.925 32.393843
2.93 32.36066
2.935 32.327476
2.94 32.294293
2.945 32.26111
2.95 32.227927
2.955 32.195475
2.96 32.163023
2.965 32.130571
2.97 32.098119
2.975 32.065666
2.98 32.033912
2.985 32.002157
2.99 31.970403
2.995 31.938648
3 31.906894
3.005 31.875806
3.01 31.844719
3.015 31.813632
3.02 31.782545
3.025 31.751458
3.03 31.721005
3.035 31.690552
3.04 31.660099
3.045 31.629646
3.05 31.599193
3.055 31.569354
3.06 31.539514
3.065 31.509675
3.07 31.479835
3.075 31.449995
3.08 31.42074
3.085 31.391486
3.09 31.362231
3.095 31.332976
3.1 31.303721
3.105 31.275028
3.11 31.246335
3.115 31.217641
3.12 31.188948
3.125 31.160255
3.13 31.132101
3.135 31.103948
3.14 31.075795
3.145 31.047641
3.15 31.019488
3.155 30.991854
3.16 30.964221
3.165 30.936587
3.17 30.908954
3.175 30.88132
3.18 30.854188
3.185 30.827055
3.19 30.799923
3.195 30.772791
3.2 30.745658
3.205 30.719009
3.21 30.692361
3.215 30.665712
3.22 30.639064
3.225 30.612415
3.23 30.586233
3.235 30.56005
3.24 30.533868
3.245 30.507686
3.25 30.481503
3.255 30.455775
3.26 30.430047
3.265 30.404318
3.27 30.37859
3.275 30.352862
3.28 30.327572
3.285 30.302282
3.29 30.276992
3.295 30.251703
3.3 30.226413
3.305 30.201548
3.31 30.176684
3.315 30.15182
3.32 30.126955
3.325 30.102091
3.33 30.07764
3.335 30.053188
3.34 30.028737
3.345 30.004286
3.35 29.979835
3.355 29.955786
3.36 29.931736
3.365 29.907687
3.37 29.883638
3.375 29.859588
3.38 29.835932
3.385 29.812275
3.39 29.788618
3.395 29.764961
3.4 29.741305
3.405 29.717542
3.41 29.693779
3.415 29.670016
3.42 29.646253
3.425 29.62249
3.43 29.597828
3.435 29.573166
3.44 29.548504
3.445 29.523842
3.45 29.499179
3.455 29.475892
3.46 29.452604
3.465 29.429316
3.47 29.406028
3.475 29.382741
3.48 29.359807
3.485 29.336874
3.49 29.313941
3.495 29.291008
3.5 29.268075
3.505 29.245397
3.51 29.222719
3.515 29.200041
3.52 29.177363
3.525 29.154685
3.53 29.132207
3.535 29.109729
3.54 29.087251
3.545 29.064773
3.55 29.042295
3.555 29.019963
3.56 28.99763
3.565 28.975297
3.57 28.952964
3.575 28.930632
3.58 28.908385
3.585 28.886139
3.59 28.863893
3.595 28.841647
3.6 28.819401
3.605 28.797181
3.61 28.774961
3.615 28.752741
3.62 28.730522
3.625 28.708302
3.63 28.686047
3.635 28.663792
3.64 28.641538
3.645 28.619283
3.65 28.597029
3.655 28.574688
3.66 28.552347
3.665 28.530006
3.67 28.507665
3.675 28.485324
3.68 28.462861
3.685 28.440398
3.69 28.417935
3.695 28.395473
3.7 28.37301
3.705 28.350413
3.71 28.327817
3.715 28.305221
3.72 28.282624
3.725 28.260028
3.73 28.237309
3.735 28.21459
3.74 28.191871
3.745 28.169152
3.75 28.146433
3.755 28.123627
3.76 28.10082
3.765 28.078013
3.77 28.055206
3.775 28.032399
3.78 28.009547
3.785 27.986695
3.79 27.963843
3.795 27.94099
3.8 27.918138
3.805 27.895287
3.81 27.872436
3.815 27.849585
3.82 27.826733
3.825 27.803882
3.83 27.781075
3.835 27.758268
3.84 27.735461
3.845 27.712654
3.85 27.689848
3.855 27.667122
3.86 27.644397
3.865 27.621671
3.87 27.598946
3.875 27.57622
3.88 27.553607
3.885 27.530993
3.89 27.50838
3.895 27.485767
3.9 27.463153
3.905 27.440676
3.91 27.4182
3.915 27.395723
3.92 27.373246
3.925 27.350769
3.93 27.328449
3.935 27.306129
3.94 27.283808
3.945 27.261488
3.95 27.239167
3.955 27.217019
3.96 27.194871
3.965 27.172723
3.97 27.150575
3.975 27.128427
3.98 27.106465
3.985 27.084502
3.99 27.062539
3.995 27.040576
4 27.018614
4.005 26.996847
4.01 26.975081
4.015 26.953315
4.02 26.931548
4.025 26.909782
4.03 26.888222
4.035 26.866661
4.04 26.845101
4.045 26.823541
4.05 26.801981
4.055 26.780636
4.06 26.759291
4.065 26.737946
4.07 26.716601
4.075 26.695256
4.08 26.674135
4.085 26.653014
4.09 26.631893
4.095 26.610773
4.1 26.589652
4.105 26.568765
4.11 26.547879
4.115 26.526992
4.12 26.506106
4.125 26.485219
4.13 26.464578
4.135 26.443937
4.14 26.423296
4.145 26.402655
4.15 26.382013
4.155 26.361631
4.16 26.34125
4.165 26.320868
4.17 26.300486
4.175 26.280104
4.18 26.259998
4.185 26.239893
4.19 26.219788
4.195 26.199683
4.2 26.179578
4.205 26.159773
4.21 26.139968
4.215 26.120163
4.22 26.100358
4.225 26.080553
4.23 26.06108
4.235 26.041607
4.24 26.022134
4.245 26.002662
4.25 25.983189
4.255 25.964094
4.26 25.944999
4.265 25.925903
4.27 25.906808
4.275 25.887713
4.28 25.86906
4.285 25.850407
4.29 25.831754
4.295 25.813101
4.3 25.794448
4.305 25.77633
4.31 25.758213
4.315 25.740096
4.32 25.721978
4.325 25.703861
4.33 25.686413
4.335 25.668964
4.34 25.651516
4.345 25.634068
4.35 25.61662
4.355 25.600024
4.36 25.583428
4.365 25.566831
4.37 25.550235
4.375 25.533639
4.38 25.518118
4.385 25.502597
4.39 25.487076
4.395 25.471555
4.4 25.456034
4.405 25.441799
4.41 25.427564
4.415 25.413329
4.42 25.399094
4.425 25.384859
4.43 25.37201
4.435 25.35916
4.44 25.346311
4.445 25.333461
4.45 25.320612
4.455 25.309056
4.46 25.297501
4.465 25.285945
4.47 25.27439
4.475 25.262834
4.48 25.252322
4.485 25.24181
4.49 25.231297
4.495 25.220785
4.5 25.210273
4.505 25.200503
4.51 25.190734
4.515 25.180965
4.52 25.171196
4.525 25.161427
4.53 25.152139
4.535 25.14285
4.54 25.133562
4.545 25.124274
4.55 25.114985
4.555 25.105982
4.56 25.096979
4.565 25.087975
4.57 25.078972
4.575 25.069968
4.58 25.061114
4.585 25.05226
4.59 25.043406
4.595 25.034552
4.6 25.025698
4.605 25.016903
4.61 25.008109
4.615 24.999314
4.62 24.990519
4.625 24.981724
4.63 24.97293
4.635 24.964136
4.64 24.955342
4.645 24.946548
4.65 24.937754
4.655 24.928925
4.66 24.920095
4.665 24.911265
4.67 24.902435
4.675 24.893606
4.68 24.884719
4.685 24.875832
4.69 24.866944
4.695 24.858057
4.7 24.84917
4.705 24.840215
4.71 24.831259
4.715 24.822303
4.72 24.813347
4.725 24.804392
4.73 24.795363
4.735 24.786335
4.74 24.777307
4.745 24.768278
4.75 24.75925
4.755 24.75015
4.76 24.74105
4.765 24.73195
4.77 24.722849
4.775 24.713749
4.78 24.704582
4.785 24.695414
4.79 24.686246
4.795 24.677079
4.8 24.667911
4.805 24.658682
4.81 24.649454
4.815 24.640225
4.82 24.630996
4.825 24.621767
4.83 24.612485
4.835 24.603203
4.84 24.593921
4.845 24.584639
4.85 24.575357
4.855 24.56603
4.86 24.556704
4.865 24.547377
4.87 24.53805
4.875 24.528723
4.88 24.51936
4.885 24.509997
4.89 24.500635
4.895 24.491272
4.9 24.481909
4.905 24.472519
4.91 24.463128
4.915 24.453738
4.92 24.444348
4.925 24.434958
4.93 24.425549
4.935 24.416141
4.94 24.406732
4.945 24.397323
4.95 24.387915
4.955 24.378496
4.96 24.369076
4.965 24.359657
4.97 24.350238
4.975 24.340819
4.98 24.331397
4.985 24.321975
4.99 24.312552
4.995 24.30313
5 24.293708
5.005 24.28429
5.01 24.274873
5.015 24.265455
5.02 24.256037
5.025 24.246619
5.03 24.237212
5.035 24.227805
5.04 24.218398
5.045 24.20899
5.05 24.199583
5.055 24.190193
5.06 24.180803
5.065 24.171412
5.07 24.162022
5.075 24.152632
5.08 24.143264
5.085 24.133895
5.09 24.124527
5.095 24.115159
5.1 24.105791
5.105 24.09645
5.11 24.087109
5.115 24.077768
5.12 24.068427
5.125 24.059086
5.13 24.049776
5.135 24.040467
5.14 24.031158
5.145 24.021848
5.15 24.012539
5.155 24.003265
5.16 23.993991
5.165 23.984717
5.17 23.975443
5.175 23.966169
5.18 23.956935
5.185 23.9477
5.19 23.938465
5.195 23.92923
5.2 23.919995
5.205 23.910803
5.21 23.90161
5.215 23.892418
5.22 23.883225
5.225 23.874033
5.23 23.864886
5.235 23.855738
5.24 23.846591
5.245 23.837444
5.25 23.828296
5.255 23.819196
5.26 23.810096
5.265 23.800996
5.27 23.791896
5.275 23.782796
5.28 23.773746
5.285 23.764696
5.29 23.755645
5.295 23.746595
5.3 23.737545
5.305 23.728547
5.31 23.719548
5.315 23.710549
5.32 23.701551
5.325 23.692552
5.33 23.683606
5.335 23.674661
5.34 23.665715
5.345 23.65677
5.35 23.647825
5.355 23.638934
5.36 23.630043
5.365 23.621152
5.37 23.612262
5.375 23.603371
5.38 23.594536
5.385 23.585701
5.39 23.576866
5.395 23.568031
5.4 23.559196
5.405 23.550419
5.41 23.541641
5.415 23.532863
5.42 23.524085
5.425 23.515307
5.43 23.506587
5.435 23.497867
5.44 23.489147
5.445 23.480426
5.45 23.471706
5.455 23.463045
5.46 23.454383
5.465 23.445722
5.47 23.43706
5.475 23.428399
5.48 23.419796
5.485 23.411194
5.49 23.402591
5.495 23.393989
5.5 23.385387
5.505 23.376844
5.51 23.368301
5.515 23.359758
5.52 23.351215
5.525 23.342673
5.53 23.33419
5.535 23.325707
5.54 23.317224
5.545 23.308742
5.55 23.300259
5.555 23.291837
5.56 23.283414
5.565 23.274992
5.57 23.266569
5.575 23.258147
5.58 23.249785
5.585 23.241423
5.59 23.233061
5.595 23.224699
5.6 23.216337
5.605 23.208036
5.61 23.199734
5.615 23.191433
5.62 23.183132
5.625 23.17483
5.63 23.16659
5.635 23.158349
5.64 23.150108
5.645 23.141867
5.65 23.133626
5.655 23.125446
5.66 23.117266
5.665 23.109086
5.67 23.100906
5.675 23.092726
5.68 23.084606
5.685 23.076487
5.69 23.068367
5.695 23.060247
5.7 23.052128
5.705 23.044069
5.71 23.03601
5.715 23.02795
5.72 23.019891
5.725 23.011832
5.73 23.003833
5.735 22.995834
5.74 22.987835
5.745 22.979836
5.75 22.971838
5.755 22.963899
5.76 22.95596
5.765 22.948021
5.77 22.940082
5.775 22.932143
5.78 22.924264
5.785 22.916385
5.79 22.908506
5.795 22.900627
5.8 22.892748
5.805 22.884928
5.81 22.877108
5.815 22.869289
5.82 22.861469
5.825 22.85365
5.83 22.845889
5.835 22.838129
5.84 22.830369
5.845 22.822608
5.85 22.814848
5.855 22.807146
5.86 22.799445
5.865 22.791743
5.87 22.784042
5.875 22.77634
5.88 22.768697
5.885 22.761054
5.89 22.753411
5.895 22.745768
5.9 22.738125
5.905 22.73054
5.91 22.722955
5.915 22.715371
5.92 22.707786
5.925 22.700201
5.93 22.692674
5.935 22.685147
5.94 22.67762
5.945 22.670092
5.95 22.662565
5.955 22.655096
5.96 22.647626
5.965 22.640156
5.97 22.632686
5.975 22.625216
5.98 22.617803
5.985 22.61039
5.99 22.602978
5.995 22.595565
6 22.588152
6.005 22.580795
6.01 22.573439
6.015 22.566083
6.02 22.558726
6.025 22.55137
6.03 22.544069
6.035 22.536769
6.04 22.529469
6.045 22.522168
6.05 22.514868
6.055 22.507623
6.06 22.500378
6.065 22.493134
6.07 22.485889
6.075 22.478644
6.08 22.471454
6.085 22.464265
6.09 22.457075
6.095 22.449885
6.1 22.442696
6.105 22.435561
6.11 22.428426
6.115 22.421291
6.12 22.414156
6.125 22.407021
6.13 22.39994
6.135 22.392859
6.14 22.385778
6.145 22.378697
6.15 22.371616
6.155 22.364589
6.16 22.357562
6.165 22.350535
6.17 22.343508
6.175 22.336481
6.18 22.329507
6.185 22.322533
6.19 22.315559
6.195 22.308585
6.2 22.301611
6.205 22.29469
6.21 22.287769
6.215 22.280848
6.22 22.273927
6.225 22.267006
6.23 22.260137
6.235 22.253268
6.24 22.246399
6.245 22.23953
6.25 22.232661
6.255 22.225844
6.26 22.219027
6.265 22.21221
6.27 22.205393
6.275 22.198576
6.28 22.19181
6.285 22.185044
6.29 22.178278
6.295 22.171513
6.3 22.164747
6.305 22.158032
6.31 22.151317
6.315 22.144602
6.32 22.137887
6.325 22.131172
6.33 22.124508
6.335 22.117843
6.34 22.111178
6.345 22.104514
6.35 22.097849
6.355 22.091234
6.36 22.08462
6.365 22.078005
6.37 22.07139
6.375 22.064775
6.38 22.05821
6.385 22.051644
6.39 22.045079
6.395 22.038513
6.4 22.031948
6.405 22.025431
6.41 22.018915
6.415 22.012398
6.42 22.005882
6.425 21.999366
6.43 21.992897
6.435 21.986429
6.44 21.979961
6.445 21.973493
6.45 21.967025
6.455 21.960605
6.46 21.954184
6.465 21.947764
6.47 21.941344
6.475 21.934924
6.48 21.928551
6.485 21.922179
6.49 21.915806
6.495 21.909433
6.5 21.903061
6.505 21.896735
6.51 21.890409
6.515 21.884083
6.52 21.877758
6.525 21.871432
6.53 21.865153
6.535 21.858874
6.54 21.852595
6.545 21.846315
6.55 21.840036
6.555 21.833803
6.56 21.82757
6.565 21.821337
6.57 21.815104
6.575 21.808871
6.58 21.802683
6.585 21.796496
6.59 21.790308
6.595 21.784121
6.6 21.777933
6.605 21.771791
6.61 21.765649
6.615 21.759506
6.62 21.753364
6.625 21.747221
6.63 21.741124
6.635 21.735026
6.64 21.728929
6.645 21.722831
6.65 21.716734
6.655 21.71068
6.66 21.704627
6.665 21.698574
6.67 21.69252
6.675 21.686467
6.68 21.680457
6.685 21.674448
6.69 21.668438
6.695 21.662428
6.7 21.656419
6.705 21.650453
6.71 21.644486
6.715 21.63852
6.72 21.632554
6.725 21.626588
6.73 21.620665
6.735 21.614741
6.74 21.608818
6.745 21.602895
6.75 21.596972
6.755 21.591091
6.76 21.58521
6.765 21.579329
6.77 21.573448
6.775 21.567568
6.78 21.561729
6.785 21.55589
6.79 21.550052
6.795 21.544213
6.8 21.538374
6.805 21.532577
6.81 21.52678
6.815 21.520983
6.82 21.515186
6.825 21.509389
6.83 21.503633
6.835 21.497878
6.84 21.492122
6.845 21.486366
6.85 21.48061
6.855 21.474895
6.86 21.46918
6.865 21.463465
6.87 21.45775
6.875 21.452035
6.88 21.446361
6.885 21.440686
6.89 21.435011
6.895 21.429337
6.9 21.423662
6.905 21.418028
6.91 21.412393
6.915 21.406758
6.92 21.401124
6.925 21.395489
6.93 21.389894
6.935 21.384299
6.94 21.378704
6.945 21.373109
6.95 21.367514
6.955 21.361959
6.96 21.356403
6.965 21.350847
6.97 21.345291
6.975 21.339736
6.98 21.334219
6.985 21.328702
6.99 21.323185
6.995 21.317668
7 21.312151
7.005 21.306661
7.01 21.301171
7.015 21.295696
7.02 21.290221
7.025 21.284758
7.03 21.279302
7.035 21.273858
7.04 21.268414
7.045 21.262985
7.05 21.257556
7.055 21.252141
7.06 21.246727
7.065 21.241328
7.07 21.235929
7.075 21.230542
7.08 21.225161
7.085 21.219792
7.09 21.214423
7.095 21.209068
7.1 21.203714
7.105 21.198374
7.11 21.193034
7.115 21.187709
7.12 21.182384
7.125 21.177071
7.13 21.171764
7.135 21.166468
7.14 21.161173
7.145 21.155891
7.15 21.15061
7.155 21.145343
7.16 21.140077
7.165 21.134824
7.17 21.129572
7.175 21.124331
7.18 21.119096
7.185 21.113873
7.19 21.108649
7.195 21.10344
7.2 21.09823
7.205 21.093035
7.21 21.08784
7.215 21.082659
7.22 21.077478
7.225 21.072308
7.23 21.067144
7.235 21.061991
7.24 21.056838
7.245 21.051699
7.25 21.04656
7.255 21.041435
7.26 21.03631
7.265 21.031199
7.27 21.026088
7.275 21.020987
7.28 21.015893
7.285 21.010809
7.29 21.005725
7.295 21.000656
7.3 20.995585
7.305 20.990529
7.31 20.985473
7.315 20.98043
7.32 20.975387
7.325 20.970355
7.33 20.965329
7.335 20.960313
7.34 20.955298
7.345 20.950295
7.35 20.945293
7.355 20.940304
7.36 20.935315
7.365 20.93034
7.37 20.925364
7.375 20.920399
7.38 20.915439
7.385 20.91049
7.39 20.905541
7.395 20.900605
7.4 20.895669
7.405 20.890746
7.41 20.885824
7.415 20.880914
7.42 20.876004
7.425 20.871104
7.43 20.866211
7.435 20.861327
7.44 20.856443
7.445 20.851573
7.45 20.846702
7.455 20.841844
7.46 20.836986
7.465 20.832141
7.47 20.827295
7.475 20.82246
7.48 20.817631
7.485 20.812811
7.49 20.807991
7.495 20.803185
7.5 20.798377
7.505 20.793583
7.51 20.788789
7.515 20.784007
7.52 20.779225
7.525 20.774453
7.53 20.769686
7.535 20.76493
7.54 20.760173
7.545 20.755429
7.55 20.750684
7.555 20.745952
7.56 20.74122
7.565 20.7365
7.57 20.731781
7.575 20.72707
7.58 20.722366
7.585 20.717671
7.59 20.712975
7.595 20.708293
7.6 20.70361
7.605 20.698939
7.61 20.694268
7.615 20.689609
7.62 20.684951
7.625 20.680301
7.63 20.675657
7.635 20.671023
7.64 20.666388
7.645 20.661765
7.65 20.657143
7.655 20.652532
7.66 20.647921
7.665 20.643322
7.67 20.638723
7.675 20.634133
7.68 20.629549
7.685 20.624974
7.69 20.620398
7.695 20.615835
7.7 20.611271
7.705 20.60672
7.71 20.602168
7.715 20.597627
7.72 20.593087
7.725 20.588556
7.73 20.58403
7.735 20.579513
7.74 20.574996
7.745 20.570491
7.75 20.565985
7.755 20.561491
7.76 20.556997
7.765 20.552514
7.77 20.548032
7.775 20.543558
7.78 20.539089
7.785 20.534629
7.79 20.530169
7.795 20.525721
7.8 20.521272
7.805 20.516835
7.81 20.512398
7.815 20.507971
7.82 20.503545
7.825 20.499128
7.83 20.494716
7.835 20.490312
7.84 20.485908
7.845 20.481515
7.85 20.477123
7.855 20.472741
7.86 20.468359
7.865 20.463989
7.87 20.459618
7.875 20.455256
7.88 20.450899
7.885 20.44655
7.89 20.442201
7.895 20.437864
7.9 20.433526
7.905 20.429199
7.91 20.424872
7.915 20.420556
7.92 20.416239
7.925 20.411931
7.93 20.407629
7.935 20.403334
7.94 20.399039
7.945 20.394755
7.95 20.390471
7.955 20.386198
7.96 20.381925
7.965 20.377662
7.97 20.373399
7.975 20.369145
7.98 20.364895
7.985 20.360654
7.99 20.356412
7.995 20.352181
8 20.34795
8.005 20.343729
8.01 20.339509
8.015 20.335298
8.02 20.331088
8.025 20.326886
8.03 20.322688
8.035 20.318499
8.04 20.314309
8.045 20.31013
8.05 20.305951
8.055 20.301782
8.06 20.297613
8.065 20.293455
8.07 20.289296
8.075 20.285145
8.08 20.280999
8.085 20.276861
8.09 20.272722
8.095 20.268594
8.1 20.264466
8.105 20.260348
8.11 20.25623
8.115 20.252122
8.12 20.248014
8.125 20.243913
8.13 20.239818
8.135 20.23573
8.14 20.231641
8.145 20.227563
8.15 20.223485
8.155 20.219417
8.16 20.215349
8.165 20.211291
8.17 20.207232
8.175 20.203181
8.18 20.199135
8.185 20.195097
8.19 20.191058
8.195 20.187029
8.2 20.183
8.205 20.178981
8.21 20.174961
8.215 20.170952
8.22 20.166942
8.225 20.16294
8.23 20.158943
8.235 20.154952
8.24 20.150962
8.245 20.146981
8.25 20.143001
8.255 20.13903
8.26 20.135059
8.265 20.131097
8.27 20.127136
8.275 20.123181
8.28 20.119231
8.285 20.115289
8.29 20.111346
8.295 20.107413
8.3 20.10348
8.305 20.099556
8.31 20.095632
8.315 20.091718
8.32 20.087803
8.325 20.083896
8.33 20.079993
8.335 20.076097
8.34 20.072201
8.345 20.068315
8.35 20.064428
8.355 20.060551
8.36 20.056673
8.365 20.052805
8.37 20.048937
8.375 20.045076
8.38 20.041219
8.385 20.037369
8.39 20.033519
8.395 20.029679
8.4 20.025838
8.405 20.022006
8.41 20.018174
8.415 20.014351
8.42 20.010529
8.425 20.006713
8.43 20.002901
8.435 19.999097
8.44 19.995292
8.445 19.991496
8.45 19.9877
8.455 19.983914
8.46 19.980127
8.465 19.976349
8.47 19.972571
8.475 19.968799
8.48 19.965032
8.485 19.961272
8.49 19.957512
8.495 19.95376
8.5 19.950009
8.505 19.946266
8.51 19.942523
8.515 19.938789
8.52 19.935055
8.525 19.931327
8.53 19.927604
8.535 19.923887
8.54 19.92017
8.545 19.916462
8.55 19.912754
8.555 19.909055
8.56 19.905355
8.565 19.901664
8.57 19.897973
8.575 19.894289
8.58 19.890609
8.585 19.886935
8.59 19.883261
8.595 19.879596
8.6 19.87593
8.605 19.872273
8.61 19.868616
8.615 19.864968
8.62 19.861319
8.625 19.857677
8.63 19.854039
8.635 19.850407
8.64 19.846776
8.645 19.843152
8.65 19.839529
8.655 19.835914
8.66 19.832299
8.665 19.828692
8.67 19.825085
8.675 19.821485
8.68 19.817888
8.685 19.814298
8.69 19.810707
8.695 19.807125
8.7 19.803543
8.705 19.799969
8.71 19.796395
8.715 19.79283
8.72 19.789264
8.725 19.785704
8.73 19.782149
8.735 19.778599
8.74 19.775049
8.745 19.771508
8.75 19.767966
8.755 19.764433
8.76 19.760899
8.765 19.757374
8.77 19.753848
8.775 19.750329
8.78 19.746813
8.785 19.743304
8.79 19.739794
8.795 19.736293
8.8 19.732791
8.805 19.729297
8.81 19.725804
8.815 19.722318
8.82 19.718832
8.825 19.715352
8.83 19.711876
8.835 19.708406
8.84 19.704935
8.845 19.701473
8.85 19.698011
8.855 19.694556
8.86 19.691101
8.865 19.687655
8.87 19.684208
8.875 19.680767
8.88 19.677329
8.885 19.673898
8.89 19.670466
8.895 19.667043
8.9 19.663619
8.905 19.660203
8.91 19.656786
8.915 19.653378
8.92 19.649969
8.925 19.646567
8.93 19.643167
8.935 19.639774
8.94 19.636381
8.945 19.632995
8.95 19.629609
8.955 19.626231
8.96 19.622852
8.965 19.619481
8.97 19.616111
8.975 19.612745
8.98 19.609384
8.985 19.606028
8.99 19.602672
8.995 19.599323
9 19.595975
9.005 19.592634
9.01 19.589293
9.015 19.585959
9.02 19.582625
9.025 19.579297
9.03 19.575972
9.035 19.572653
9.04 19.569334
9.045 19.566022
9.05 19.56271
9.055 19.559406
9.06 19.556101
9.065 19.552804
9.07 19.549507
9.075 19.546215
9.08 19.542926
9.085 19.539643
9.09 19.536361
9.095 19.533085
9.1 19.529809
9.105 19.526541
9.11 19.523272
9.115 19.520011
9.12 19.516749
9.125 19.513493
9.13 19.510241
9.135 19.506993
9.14 19.503746
9.145 19.500506
9.15 19.497266
9.155 19.494033
9.16 19.4908
9.165 19.487573
9.17 19.484347
9.175 19.481127
9.18 19.477909
9.185 19.474697
9.19 19.471485
9.195 19.468279
9.2 19.465074
9.205 19.461876
9.21 19.458678
9.215 19.455486
9.22 19.452295
9.225 19.449109
9.23 19.445926
9.235 19.442748
9.24 19.439571
9.245 19.4364
9.25 19.433229
9.255 19.430065
9.26 19.426901
9.265 19.423744
9.27 19.420587
9.275 19.417434
9.28 19.414286
9.285 19.411142
9.29 19.407998
9.295 19.404861
9.3 19.401724
9.305 19.398594
9.31 19.395464
9.315 19.39234
9.32 19.389216
9.325 19.386098
9.33 19.382983
9.335 19.379872
9.34 19.376762
9.345 19.373659
9.35 19.370555
9.355 19.367458
9.36 19.364361
9.365 19.36127
9.37 19.35818
9.375 19.355094
9.38 19.352012
9.385 19.348935
9.39 19.345857
9.395 19.342786
9.4 19.339715
9.405 19.336651
9.41 19.333587
9.415 19.330529
9.42 19.327471
9.425 19.324418
9.43 19.321368
9.435 19.318323
9.44 19.315278
9.445 19.312239
9.45 19.309201
9.455 19.306169
9.46 19.303136
9.465 19.30011
9.47 19.297085
9.475 19.294064
9.48 19.291046
9.485 19.288033
9.49 19.285019
9.495 19.282013
9.5 19.279006
9.505 19.276005
9.51 19.273005
9.515 19.27001
9.52 19.267016
9.525 19.264027
9.53 19.26104
9.535 19.258058
9.54 19.255077
9.545 19.252101
9.55 19.249125
9.555 19.246156
9.56 19.243187
9.565 19.240224
9.57 19.23726
9.575 19.234302
9.58 19.231346
9.585 19.228395
9.59 19.225444
9.595 19.2225
9.6 19.219555
9.605 19.216616
9.61 19.213678
9.615 19.210745
9.62 19.207813
9.625 19.204884
9.63 19.201959
9.635 19.199039
9.64 19.196118
9.645 19.193204
9.65 19.190289
9.655 19.187381
9.66 19.184472
9.665 19.18157
9.67 19.178668
9.675 19.17577
9.68 19.172875
9.685 19.169984
9.69 19.167094
9.695 19.164209
9.7 19.161324
9.705 19.158446
9.71 19.155567
9.715 19.152694
9.72 19.149821
9.725 19.146953
9.73 19.144087
9.735 19.141226
9.74 19.138365
9.745 19.13551
9.75 19.132655
9.755 19.129806
9.76 19.126956
9.765 19.124113
9.77 19.121269
9.775 19.11843
9.78 19.115593
9.785 19.112761
9.79 19.109929
9.795 19.107103
9.8 19.104277
9.805 19.101456
9.81 19.098636
9.815 19.095821
9.82 19.093006
9.825 19.090196
9.83 19.087388
9.835 19.084584
9.84 19.081781
9.845 19.078983
9.85 19.076186
9.855 19.073393
9.86 19.070601
9.865 19.067815
9.87 19.065029
9.875 19.062246
9.88 19.059467
9.885 19.056692
9.89 19.053916
9.895 19.051147
9.9 19.048377
9.905 19.045613
9.91 19.042849
9.915 19.04009
9.92 19.037332
9.925 19.034577
9.93 19.031825
9.935 19.029078
9.94 19.02633
9.945 19.023588
9.95 19.020847
9.955 19.01811
9.96 19.015373
9.965 19.012642
9.97 19.009911
9.975 19.007184
9.98 19.00446
9.985 19.00174
9.99 18.99902
9.995 18.996305
10 18.99359
10.005 18.990881
10.01 18.988172
10.015 18.985468
10.02 18.982764
10.025 18.980064
10.03 18.977367
10.035 18.974673
10.04 18.97198
10.045 18.969292
10.05 18.966604
10.055 18.963922
10.06 18.961239
10.065 18.958562
10.07 18.955884
10.075 18.953211
10.08 18.95054
10.085 18.947874
10.09 18.945207
10.095 18.942546
10.1 18.939884
10.105 18.937228
10.11 18.934572
10.115 18.931921
10.12 18.92927
10.125 18.926623
10.13 18.923978
10.135 18.921338
10.14 18.918697
10.145 18.916062
10.15 18.913426
10.155 18.910796
10.16 18.908166
10.165 18.905541
10.17 18.902916
10.175 18.900295
10.18 18.897676
10.185 18.895061
10.19 18.892446
10.195 18.889837
10.2 18.887227
10.205 18.884622
10.21 18.882017
10.215 18.879418
10.22 18.876818
10.225 18.874223
10.23 18.87163
10.235 18.86904
10.24 18.866451
10.245 18.863866
10.25 18.861282
10.255 18.858702
10.26 18.856123
10.265 18.853549
10.27 18.850974
10.275 18.848404
10.28 18.845836
10.285 18.843271
10.29 18.840707
10.295 18.838147
10.3 18.835588
10.305 18.833034
10.31 18.830479
10.315 18.82793
10.32 18.82538
10.325 18.822834
10.33 18.820291
10.335 18.817751
10.34 18.815211
10.345 18.812676
10.35 18.810141
10.355 18.807611
10.36 18.805081
10.365 18.802556
10.37 18.800031
10.375 18.797509
10.38 18.794991
10.385 18.792475
10.39 18.78996
10.395 18.787449
10.4 18.784938
10.405 18.782433
10.41 18.779927
10.415 18.777426
10.42 18.774925
10.425 18.772427
10.43 18.769932
10.435 18.767441
10.44 18.764949
10.445 18.762462
10.45 18.759976
10.455 18.757494
10.46 18.755012
10.465 18.752534
10.47 18.750057
10.475 18.747583
10.48 18.745112
10.485 18.742644
10.49 18.740176
10.495 18.737713
10.5 18.73525
10.505 18.732792
10.51 18.730333
10.515 18.727879
10.52 18.725425
10.525 18.722975
10.53 18.720527
10.535 18.718082
10.54 18.715638
10.545 18.713198
10.55 18.710758
10.555 18.708322
10.56 18.705887
10.565 18.703456
10.57 18.701025
10.575 18.698598
10.58 18.696173
10.585 18.693751
10.59 18.69133
10.595 18.688913
10.6 18.686496
10.605 18.684083
10.61 18.681671
10.615 18.679263
10.62 18.676855
10.625 18.67445
10.63 18.672048
10.635 18.669649
10.64 18.66725
10.645 18.664855
10.65 18.662461
10.655 18.660071
10.66 18.65768
10.665 18.655295
10.67 18.652909
10.675 18.650527
10.68 18.648147
10.685 18.645771
10.69 18.643394
10.695 18.641021
10.7 18.638649
10.705 18.636282
10.71 18.633914
10.715 18.63155
10.72 18.629187
10.725 18.626827
10.73 18.624469
10.735 18.622114
10.74 18.619759
10.745 18.617409
10.75 18.615059
10.755 18.612713
10.76 18.610367
10.765 18.608025
10.77 18.605684
10.775 18.603345
10.78 18.601009
10.785 18.598676
10.79 18.596343
10.795 18.594015
10.8 18.591686
10.805 18.589362
10.81 18.587037
10.815 18.584717
10.82 18.582397
10.825 18.58008
10.83 18.577765
10.835 18.575454
10.84 18.573143
10.845 18.570835
10.85 18.568528
10.855 18.566225
10.86 18.563922
10.865 18.561623
10.87 18.559324
10.875 18.557028
10.88 18.554735
10.885 18.552444
10.89 18.550154
10.895 18.547868
10.9 18.545581
10.905 18.543299
10.91 18.541017
10.915 18.538739
10.92 18.536462
10.925 18.534186
10.93 18.531914
10.935 18.529644
10.94 18.527375
10.945 18.525109
10.95 18.522844
10.955 18.520583
10.96 18.518321
10.965 18.516064
10.97 18.513807
10.975 18.511552
10.98 18.5093
10.985 18.507051
10.99 18.504802
10.995 18.502557
11 18.500312
11.005 18.498071
11.01 18.495831
11.015 18.493594
11.02 18.491357
11.025 18.489123
11.03 18.486891
11.035 18.484662
11.04 18.482434
11.045 18.480209
11.05 18.477984
11.055 18.475763
11.06 18.473543
11.065 18.471326
11.07 18.469109
11.075 18.466895
11.08 18.464684
11.085 18.462475
11.09 18.460266
11.095 18.458061
11.1 18.455856
11.105 18.453655
11.11 18.451455
11.115 18.449258
11.12 18.447061
11.125 18.444867
11.13 18.442675
11.135 18.440486
11.14 18.438297
11.145 18.436111
11.15 18.433926
11.155 18.431745
11.16 18.429564
11.165 18.427386
11.17 18.425209
11.175 18.423034
11.18 18.420862
11.185 18.418693
11.19 18.416523
11.195 18.414357
11.2 18.412191
11.205 18.41003
11.21 18.407868
11.215 18.40571
11.22 18.403552
11.225 18.401396
11.23 18.399243
11.235 18.397093
11.24 18.394942
11.245 18.392796
11.25 18.390649
11.255 18.388507
11.26 18.386364
11.265 18.384225
11.27 18.382086
11.275 18.379949
11.28 18.377815
11.285 18.375684
11.29 18.373553
11.295 18.371425
11.3 18.369297
11.305 18.367173
11.31 18.365049
11.315 18.362929
11.32 18.360809
11.325 18.358691
11.33 18.356576
11.335 18.354463
11.34 18.352351
11.345 18.350241
11.35 18.348133
11.355 18.346027
11.36 18.343922
11.365 18.34182
11.37 18.339719
11.375 18.33762
11.38 18.335523
11.385 18.333429
11.39 18.331334
11.395 18.329244
11.4 18.327153
11.405 18.325066
11.41 18.322979
11.415 18.320896
11.42 18.318813
11.425 18.316732
11.43 18.314653
11.435 18.312577
11.44 18.310501
11.445 18.308429
11.45 18.306356
11.455 18.304287
11.46 18.302219
11.465 18.300154
11.47 18.298088
11.475 18.296025
11.48 18.293965
11.485 18.291907
11.49 18.289849
11.495 18.287794
11.5 18.28574
11.505 18.283689
11.51 18.281638
11.515 18.279591
11.52 18.277543
11.525 18.275498
11.53 18.273455
11.535 18.271415
11.54 18.269375
11.545 18.267338
11.55 18.265301
11.555 18.263268
11.56 18.261235
11.565 18.259205
11.57 18.257175
11.575 18.255148
11.58 18.253123
11.585 18.2511
11.59 18.249077
11.595 18.247058
11.6 18.245039
11.605 18.243023
11.61 18.241007
11.615 18.238995
11.62 18.236982
11.625 18.234972
11.63 18.232964
11.635 18.230959
11.64 18.228953
11.645 18.226951
11.65 18.224949
11.655 18.222951
11.66 18.220952
11.665 18.218957
11.67 18.216962
11.675 18.214969
11.68 18.212978
11.685 18.21099
11.69 18.209001
11.695 18.207016
11.7 18.205031
11.705 18.203049
11.71 18.201068
11.715 18.199089
11.72 18.197111
11.725 18.195135
11.73 18.193161
11.735 18.19119
11.74 18.189219
11.745 18.18725
11.75 18.185282
11.755 18.183317
11.76 18.181352
11.765 18.179391
11.77 18.177429
11.775 18.17547
11.78 18.173513
11.785 18.171558
11.79 18.169603
11.795 18.167651
11.8 18.1657
11.805 18.163752
11.81 18.161803
11.815 18.159858
11.82 18.157913
11.825 18.155971
11.83 18.15403
11.835 18.152091
11.84 18.150153
11.845 18.148218
11.85 18.146282
11.855 18.144351
11.86 18.142419
11.865 18.14049
11.87 18.138561
11.875 18.136635
11.88 18.134711
11.885 18.132788
11.89 18.130866
11.895 18.128947
11.9 18.127028
11.905 18.125112
11.91 18.123197
11.915 18.121284
11.92 18.119371
11.925 18.117461
11.93 18.115553
11.935 18.113646
11.94 18.11174
11.945 18.109837
11.95 18.107934
11.955 18.106034
11.96 18.104135
11.965 18.102238
11.97 18.100341
11.975 18.098447
11.98 18.096554
11.985 18.094664
11.99 18.092774
11.995 18.090886
12 18.088999
12.005 18.087115
12.01 18.085231
12.015 18.08335
12.02 18.081469
12.025 18.07959
12.03 18.077714
12.035 18.075839
12.04 18.073964
12.045 18.072092
12.05 18.070221
12.055 18.068352
12.06 18.066484
12.065 18.064618
12.07 18.062753
12.075 18.06089
12.08 18.059028
12.085 18.057169
12.09 18.05531
12.095 18.053453
12.1 18.051597
12.105 18.049744
12.11 18.047891
12.115 18.046041
12.12 18.044191
12.125 18.042343
12.13 18.040497
12.135 18.038653
12.14 18.036809
12.145 18.034968
12.15 18.033127
12.155 18.031289
12.16 18.029451
12.165 18.027616
12.17 18.025781
12.175 18.023948
12.18 18.022118
12.185 18.020289
12.19 18.01846
12.195 18.016634
12.2 18.014808
12.205 18.012985
12.21 18.011162
12.215 18.009342
12.22 18.007522
12.225 18.005704
12.23 18.003888
12.235 18.002074
12.24 18.00026
12.245 17.998449
12.25 17.996638
12.255 17.99483
12.26 17.993022
12.265 17.991216
12.27 17.989411
12.275 17.987608
12.28 17.985807
12.285 17.984008
12.29 17.982208
12.295 17.980412
12.3 17.978616
12.305 17.976822
12.31 17.975029
12.315 17.973238
12.32 17.971448
12.325 17.969659
12.33 17.967872
12.335 17.966087
12.34 17.964303
12.345 17.962521
12.35 17.960739
12.355 17.95896
12.36 17.957181
12.365 17.955405
12.37 17.953629
12.375 17.951855
12.38 17.950082
12.385 17.948312
12.39 17.946542
12.395 17.944774
12.4 17.943006
12.405 17.941242
12.41 17.939477
12.415 17.937716
12.42 17.935954
12.425 17.934194
12.43 17.932436
12.435 17.93068
12.44 17.928924
12.445 17.92717
12.45 17.925417
12.455 17.923667
12.46 17.921916
12.465 17.920168
12.47 17.918421
12.475 17.916675
12.48 17.914931
12.485 17.913189
12.49 17.911447
12.495 17.909708
12.5 17.907969
12.505 17.906232
12.51 17.904496
12.515 17.902762
12.52 17.901029
12.525 17.899297
12.53 17.897567
12.535 17.895839
12.54 17.894111
12.545 17.892385
12.55 17.89066
12.555 17.888938
12.56 17.887216
12.565 17.885496
12.57 17.883777
12.575 17.882058
12.58 17.880343
12.585 17.878629
12.59 17.876915
12.595 17.875203
12.6 17.873493
12.605 17.871784
12.61 17.870076
12.615 17.86837
12.62 17.866665
12.625 17.864961
12.63 17.86326
12.635 17.861558
12.64 17.859853
12.645 17.858145
12.65 17.856432
12.655 17.854706
12.66 17.852974
12.665 17.851217
12.67 17.84945
12.675 17.847638
12.68 17.845814
12.685 17.843913
12.69 17.841996
12.695 17.839943
12.7 17.837884
12.705 17.835589
12.71 17.833314
12.715 17.830641
12.72 17.828094
12.725 17.824945
12.73 17.822333
12.735 17.819452
12.74 17.818566
12.745 17.818513
12.75 17.818456
12.755 17.818135
12.76 17.817814
12.765 17.816681
12.77 17.815548
12.775 17.814047
12.78 17.812466
12.785 17.81085
12.79 17.809233
12.795 17.807598
12.8 17.805961
12.805 17.804318
12.81 17.802675
12.815 17.80103
12.82 17.799385
12.825 17.797741
12.83 17.796095
12.835 17.794451
12.84 17.792807
12.845 17.791165
12.85 17.789522
12.855 17.787881
12.86 17.786241
12.865 17.784602
12.87 17.782963
12.875 17.781326
12.88 17.77969
12.885 17.778055
12.89 17.776421
12.895 17.774789
12.9 17.773157
12.905 17.771527
12.91 17.769897
12.915 17.76827
12.92 17.766643
12.925 17.765017
12.93 17.763392
12.935 17.76177
12.94 17.760147
12.945 17.758527
12.95 17.756907
12.955 17.755289
12.96 17.753671
12.965 17.752056
12.97 17.75044
12.975 17.748827
12.98 17.747214
12.985 17.745604
12.99 17.743993
12.995 17.742386
13 17.740777
13.005 17.739172
13.01 17.737566
13.015 17.735963
13.02 17.73436
13.025 17.732758
13.03 17.731158
13.035 17.729559
13.04 17.727961
13.045 17.726365
13.05 17.724769
13.055 17.723176
13.06 17.721582
13.065 17.719991
13.07 17.7184
13.075 17.716811
13.08 17.715222
13.085 17.713636
13.09 17.71205
13.095 17.710466
13.1 17.708882
13.105 17.707301
13.11 17.705719
13.115 17.70414
13.12 17.702561
13.125 17.700983
13.13 17.699407
13.135 17.697833
13.14 17.696258
13.145 17.694687
13.15 17.693115
13.155 17.691545
13.16 17.689975
13.165 17.688408
13.17 17.686841
13.175 17.685276
13.18 17.683711
13.185 17.682149
13.19 17.680586
13.195 17.679026
13.2 17.677466
13.205 17.675908
13.21 17.67435
13.215 17.672795
13.22 17.671239
13.225 17.669686
13.23 17.668133
13.235 17.666582
13.24 17.665032
13.245 17.663483
13.25 17.661935
13.255 17.660389
13.26 17.658843
13.265 17.657299
13.27 17.655755
13.275 17.654213
13.28 17.652672
13.285 17.651133
13.29 17.649594
13.295 17.648057
13.3 17.64652
13.305 17.644985
13.31 17.643451
13.315 17.641919
13.32 17.640387
13.325 17.638856
13.33 17.637327
13.335 17.635799
13.34 17.634271
13.345 17.632746
13.35 17.63122
13.355 17.629697
13.36 17.628174
13.365 17.626653
13.37 17.625132
13.375 17.623614
13.38 17.622095
13.385 17.620579
13.39 17.619063
13.395 17.617549
13.4 17.616035
13.405 17.614523
13.41 17.613011
13.415 17.611501
13.42 17.609992
13.425 17.608484
13.43 17.606977
13.435 17.605472
13.44 17.603967
13.445 17.602464
13.45 17.600961
13.455 17.599461
13.46 17.59796
13.465 17.596462
13.47 17.594963
13.475 17.593467
13.48 17.591971
13.485 17.590477
13.49 17.588983
13.495 17.587491
13.5 17.585999
13.505 17.58451
13.51 17.58302
13.515 17.581533
13.52 17.580046
13.525 17.57856
13.53 17.577075
13.535 17.575592
13.54 17.574109
13.545 17.572629
13.55 17.571148
13.555 17.569669
13.56 17.56819
13.565 17.566714
13.57 17.565238
13.575 17.563763
13.58 17.562289
13.585 17.560817
13.59 17.559345
13.595 17.557875
13.6 17.556405
13.605 17.554937
13.61 17.553469
13.615 17.552004
13.62 17.550538
13.625 17.549074
13.63 17.547611
13.635 17.54615
13.64 17.544688
13.645 17.543229
13.65 17.54177
13.655 17.540313
13.66 17.538856
13.665 17.537401
13.67 17.535946
13.675 17.534492
13.68 17.53304
13.685 17.531589
13.69 17.530139
13.695 17.52869
13.7 17.527241
13.705 17.525795
13.71 17.524348
13.715 17.522904
13.72 17.52146
13.725 17.520017
13.73 17.518575
13.735 17.517135
13.74 17.515695
13.745 17.514257
13.75 17.512818
13.755 17.511382
13.76 17.509946
13.765 17.508512
13.77 17.507079
13.775 17.505646
13.78 17.504215
13.785 17.502785
13.79 17.501355
13.795 17.499927
13.8 17.4985
13.805 17.497074
13.81 17.495648
13.815 17.494225
13.82 17.492801
13.825 17.491379
13.83 17.489958
13.835 17.488539
13.84 17.487119
13.845 17.485702
13.85 17.484284
13.855 17.482869
13.86 17.481453
13.865 17.48004
13.87 17.478627
13.875 17.477215
13.88 17.475804
13.885 17.474395
13.89 17.472985
13.895 17.471578
13.9 17.470171
13.905 17.468765
13.91 17.46736
13.915 17.465957
13.92 17.464554
13.925 17.463152
13.93 17.461751
13.935 17.460352
13.94 17.458953
13.945 17.457555
13.95 17.456158
13.955 17.454763
13.96 17.453368
13.965 17.451974
13.97 17.450581
13.975 17.44919
13.98 17.447799
13.985 17.446409
13.99 17.44502
13.995 17.443633
14 17.442245
14.005 17.440862
14.01 17.439478
14.015 17.438094
14.02 17.43671
14.025 17.435326
14.03 17.433947
14.035 17.432569
14.04 17.43119
14.045 17.429811
14.05 17.428432
14.055 17.427058
14.06 17.425684
14.065 17.42431
14.07 17.422936
14.075 17.421562
14.08 17.420193
14.085 17.418823
14.09 17.417454
14.095 17.416085
14.1 17.414716
14.105 17.413352
14.11 17.411987
14.115 17.410623
14.12 17.409259
14.125 17.407894
14.13 17.406535
14.135 17.405175
14.14 17.403816
14.145 17.402456
14.15 17.401097
14.155 17.399742
14.16 17.398387
14.165 17.397032
14.17 17.395678
14.175 17.394323
14.18 17.392973
14.185 17.391623
14.19 17.390273
14.195 17.388923
14.2 17.387573
14.205 17.386228
14.21 17.384883
14.215 17.383537
14.22 17.382192
14.225 17.380847
14.23 17.379507
14.235 17.378166
14.24 17.376826
14.245 17.375485
14.25 17.374145
14.255 17.372809
14.26 17.371473
14.265 17.370137
14.27 17.368801
14.275 17.367465
14.28 17.366134
14.285 17.364803
14.29 17.363472
14.295 17.362141
14.3 17.360809
14.305 17.359483
14.31 17.358156
14.315 17.35683
14.32 17.355503
14.325 17.354177
14.33 17.352855
14.335 17.351533
14.34 17.350211
14.345 17.348889
14.35 17.347567
14.355 17.34625
14.36 17.344933
14.365 17.343615
14.37 17.342298
14.375 17.340981
14.38 17.339668
14.385 17.338355
14.39 17.337042
14.395 17.33573
14.4 17.334417
14.405 17.333109
14.41 17.3318
14.415 17.330492
14.42 17.329184
14.425 17.327876
14.43 17.326572
14.435 17.325268
14.44 17.323965
14.445 17.322661
14.45 17.321357
14.455 17.320058
14.46 17.318759
14.465 17.31746
14.47 17.31616
14.475 17.314861
14.48 17.313567
14.485 17.312272
14.49 17.310977
14.495 17.309682
14.5 17.308388
14.505 17.307097
14.51 17.305807
14.515 17.304517
14.52 17.303226
14.525 17.301936
14.53 17.30065
14.535 17.299364
14.54 17.298079
14.545 17.296793
14.55 17.295507
14.555 17.294225
14.56 17.292944
14.565 17.291663
14.57 17.290381
14.575 17.2891
14.58 17.287823
14.585 17.286546
14.59 17.285268
14.595 17.283991
14.6 17.282714
14.605 17.281442
14.61 17.280169
14.615 17.278896
14.62 17.277623
14.625 17.276351
14.63 17.275082
14.635 17.273814
14.64 17.272546
14.645 17.271277
14.65 17.270009
14.655 17.268745
14.66 17.267481
14.665 17.266217
14.67 17.264953
14.675 17.263689
14.68 17.262429
14.685 17.261169
14.69 17.259909
14.695 17.258649
14.7 17.25739
14.705 17.256134
14.71 17.254879
14.715 17.253623
14.72 17.252368
14.725 17.251112
14.73 17.249861
14.735 17.24861
14.74 17.247358
14.745 17.246107
14.75 17.244856
14.755 17.243609
14.76 17.242362
14.765 17.241115
14.77 17.239868
14.775 17.238621
14.78 17.237378
14.785 17.236135
14.79 17.234893
14.795 17.23365
14.8 17.232407
14.805 17.231168
14.81 17.22993
14.815 17.228691
14.82 17.227452
14.825 17.226214
14.83 17.224979
14.835 17.223745
14.84 17.22251
14.845 17.221276
14.85 17.220041
14.855 17.218811
14.86 17.217581
14.865 17.21635
14.87 17.21512
14.875 17.21389
14.88 17.212663
14.885 17.211437
14.89 17.210211
14.895 17.208985
14.9 17.207759
14.905 17.206536
14.91 17.205314
14.915 17.204092
14.92 17.20287
14.925 17.201648
14.93 17.20043
14.935 17.199212
14.94 17.197994
14.945 17.196776
14.95 17.195558
14.955 17.194344
14.96 17.19313
14.965 17.191916
14.97 17.190702
14.975 17.189488
14.98 17.188278
14.985 17.187068
14.99 17.185857
14.995 17.184647
15 17.183437
15.005 17.182029
15.01 17.180821
15.015 17.179614
15.02 17.178407
15.025 17.177201
15.03 17.175996
15.035 17.174792
15.04 17.173589
15.045 17.172386
15.05 17.171184
15.055 17.169983
15.06 17.168783
15.065 17.167584
15.07 17.166385
15.075 17.165188
15.08 17.163991
15.085 17.162794
15.09 17.161599
15.095 17.160404
15.1 17.159211
15.105 17.158018
15.11 17.156825
15.115 17.155634
15.12 17.154443
15.125 17.153253
15.13 17.152064
15.135 17.150876
15.14 17.149689
15.145 17.148502
15.15 17.147316
15.155 17.146131
15.16 17.144946
15.165 17.143763
15.17 17.14258
15.175 17.141398
15.18 17.140217
15.185 17.139036
15.19 17.137856
15.195 17.136678
15.2 17.135499
15.205 17.134322
15.21 17.133145
15.215 17.13197
15.22 17.130795
15.225 17.12962
15.23 17.128447
15.235 17.127274
15.24 17.126102
15.245 17.124931
15.25 17.12376
15.255 17.122591
15.26 17.121422
15.265 17.120254
15.27 17.119086
15.275 17.11792
15.28 17.116754
15.285 17.115589
15.29 17.114425
15.295 17.113261
15.3 17.112098
15.305 17.110936
15.31 17.109775
15.315 17.108614
15.32 17.107455
15.325 17.106296
15.33 17.105137
15.335 17.10398
15.34 17.102823
15.345 17.101667
15.35 17.100512
15.355 17.099357
15.36 17.098204
15.365 17.097051
15.37 17.095898
15.375 17.094747
15.38 17.093596
15.385 17.092446
15.39 17.091297
15.395 17.090149
15.4 17.089001
15.405 17.087854
15.41 17.086708
15.415 17.085562
15.42 17.084417
15.425 17.083273
15.43 17.08213
15.435 17.080987
15.44 17.079846
15.445 17.078705
15.45 17.077564
15.455 17.076425
15.46 17.075286
15.465 17.074148
15.47 17.07301
15.475 17.071874
15.48 17.070738
15.485 17.069603
15.49 17.068468
15.495 17.067334
15.5 17.066201
15.505 17.065069
15.51 17.063938
15.515 17.062807
15.52 17.061677
15.525 17.060548
15.53 17.059419
15.535 17.058291
15.54 17.057164
15.545 17.056037
15.55 17.054912
15.555 17.053787
15.56 17.052663
15.565 17.051539
15.57 17.050416
15.575 17.049294
15.58 17.048173
15.585 17.047052
15.59 17.045932
15.595 17.044813
15.6 17.043694
15.605 17.042577
15.61 17.04146
15.615 17.040343
15.62 17.039228
15.625 17.038113
15.63 17.036998
15.635 17.035885
15.64 17.034772
15.645 17.03366
15.65 17.032549
15.655 17.031438
15.66 17.030328
15.665 17.029219
15.67 17.02811
15.675 17.027003
15.68 17.025895
15.685 17.024789
15.69 17.023683
15.695 17.022578
15.7 17.021474
15.705 17.020371
15.71 17.019268
15.715 17.018165
15.72 17.017064
15.725 17.015963
15.73 17.014863
15.735 17.013764
15.74 17.012665
15.745 17.011567
15.75 17.01047
15.755 17.009373
15.76 17.008277
15.765 17.007182
15.77 17.006088
15.775 17.004994
15.78 17.003901
15.785 17.002808
15.79 17.001716
15.795 17.000625
15.8 16.999535
15.805 16.998445
15.81 16.997356
15.815 16.996268
15.82 16.995181
15.825 16.994094
15.83 16.993007
15.835 16.991922
15.84 16.990837
15.845 16.989753
15.85 16.988669
15.855 16.987587
15.86 16.986504
15.865 16.985423
15.87 16.984342
15.875 16.983262
15.88 16.982183
15.885 16.981104
15.89 16.980026
15.895 16.978949
15.9 16.977872
15.905 16.976796
15.91 16.975721
15.915 16.974646
15.92 16.973572
15.925 16.972499
15.93 16.971426
15.935 16.970354
15.94 16.969283
15.945 16.968212
15.95 16.967142
15.955 16.966073
15.96 16.965004
15.965 16.963937
15.97 16.962869
15.975 16.961803
15.98 16.960737
15.985 16.959671
15.99 16.958607
15.995 16.957543
16 16.95648
16.005 16.955417
16.01 16.954355
16.015 16.953294
16.02 16.952233
16.025 16.951173
16.03 16.950114
16.035 16.949055
16.04 16.947997
16.045 16.94694
16.05 16.945883
16.055 16.944828
16.06 16.943772
16.065 16.942718
16.07 16.941663
16.075 16.94061
16.08 16.939557
16.085 16.938505
16.09 16.937454
16.095 16.936403
16.1 16.935353
16.105 16.934304
16.11 16.933255
16.115 16.932207
16.12 16.931159
16.125 16.930112
16.13 16.929066
16.135 16.928021
16.14 16.926976
16.145 16.925932
16.15 16.924888
16.155 16.923845
16.16 16.922803
16.165 16.921761
16.17 16.92072
16.175 16.91968
16.18 16.91864
16.185 16.917601
16.19 16.916562
16.195 16.915525
16.2 16.914487
16.205 16.913451
16.21 16.912415
16.215 16.91138
16.22 16.910345
16.225 16.909311
16.23 16.908278
16.235 16.907245
16.24 16.906213
16.245 16.905182
16.25 16.904151
16.255 16.903121
16.26 16.902091
16.265 16.901062
16.27 16.900034
16.275 16.899006
16.28 16.897979
16.285 16.896953
16.29 16.895927
16.295 16.894902
16.3 16.893878
16.305 16.892854
16.31 16.891831
16.315 16.890808
16.32 16.889786
16.325 16.888765
16.33 16.887744
16.335 16.886724
16.34 16.885704
16.345 16.884686
16.35 16.883667
16.355 16.88265
16.36 16.881633
16.365 16.880616
16.37 16.879601
16.375 16.878586
16.38 16.877571
16.385 16.876557
16.39 16.875544
16.395 16.874531
16.4 16.873519
16.405 16.872508
16.41 16.871497
16.415 16.870487
16.42 16.869477
16.425 16.868468
16.43 16.86746
16.435 16.866452
16.44 16.865445
16.445 16.864439
16.45 16.863433
16.455 16.862428
16.46 16.861423
16.465 16.860419
16.47 16.859416
16.475 16.858413
16.48 16.857411
16.485 16.856409
16.49 16.855408
16.495 16.854408
16.5 16.853408
16.505 16.852409
16.51 16.85141
16.515 16.850412
16.52 16.849415
16.525 16.848418
16.53 16.847422
16.535 16.846426
16.54 16.845431
16.545 16.844437
16.55 16.843443
16.555 16.84245
16.56 16.841457
16.565 16.840465
16.57 16.839474
16.575 16.838483
16.58 16.837493
16.585 16.836504
16.59 16.835515
16.595 16.834526
16.6 16.833538
16.605 16.832551
16.61 16.831565
16.615 16.830579
16.62 16.829593
16.625 16.828608
16.63 16.827624
16.635 16.826641
16.64 16.825658
16.645 16.824675
16.65 16.823693
16.655 16.822712
16.66 16.821731
16.665 16.820751
16.67 16.819772
16.675 16.818793
16.68 16.817815
16.685 16.816837
16.69 16.81586
16.695 16.814883
16.7 16.813907
16.705 16.812932
16.71 16.811957
16.715 16.810983
16.72 16.810009
16.725 16.809036
16.73 16.808063
16.735 16.807092
16.74 16.80612
16.745 16.805149
16.75 16.804179
16.755 16.80321
16.76 16.802241
16.765 16.801272
16.77 16.800304
16.775 16.799337
16.78 16.79837
16.785 16.797404
16.79 16.796439
16.795 16.795474
16.8 16.794509
16.805 16.793546
16.81 16.792582
16.815 16.79162
16.82 16.790658
16.825 16.789696
16.83 16.788735
16.835 16.787775
16.84 16.786815
16.845 16.785856
16.85 16.784897
16.855 16.783939
16.86 16.782981
16.865 16.782024
16.87 16.781068
16.875 16.780112
16.88 16.779157
16.885 16.778202
16.89 16.777248
16.895 16.776294
16.9 16.775341
16.905 16.774389
16.91 16.773437
16.915 16.772486
16.92 16.771535
16.925 16.770585
16.93 16.769635
16.935 16.768686
16.94 16.767738
16.945 16.76679
16.95 16.765842
16.955 16.764895
16.96 16.763949
16.965 16.763003
16.97 16.762058
16.975 16.761114
16.98 16.760169
16.985 16.759226
16.99 16.758283
16.995 16.757341
17 16.756399
17.005 16.755458
17.01 16.754517
17.015 16.753577
17.02 16.752637
17.025 16.751698
17.03 16.750759
17.035 16.749821
17.04 16.748884
17.045 16.747947
17.05 16.747011
17.055 16.746075
17.06 16.74514
17.065 16.744205
17.07 16.743271
17.075 16.742337
17.08 16.741404
17.085 16.740472
17.09 16.73954
17.095 16.738609
17.1 16.737678
17.105 16.736747
17.11 16.735818
17.115 16.734888
17.12 16.73396
17.125 16.733032
17.13 16.732104
17.135 16.731177
17.14 16.730251
17.145 16.729325
17.15 16.728399
17.155 16.727474
17.16 16.72655
17.165 16.725626
17.17 16.724703
17.175 16.72378
17.18 16.722858
17.185 16.721936
17.19 16.721015
17.195 16.720095
17.2 16.719174
17.205 16.718255
17.21 16.717336
17.215 16.716417
17.22 16.7155
17.225 16.714582
17.23 16.713665
17.235 16.712749
17.24 16.711833
17.245 16.710918
17.25 16.710003
17.255 16.709089
17.26 16.708175
17.265 16.707262
17.27 16.70635
17.275 16.705438
17.28 16.704526
17.285 16.703615
17.29 16.702704
17.295 16.701794
17.3 16.700885
17.305 16.699976
17.31 16.699068
17.315 16.69816
17.32 16.697252
17.325 16.696346
17.33 16.695439
17.335 16.694534
17.34 16.693628
17.345 16.692724
17.35 16.691819
17.355 16.690916
17.36 16.690013
17.365 16.68911
17.37 16.688208
17.375 16.687306
17.38 16.686405
17.385 16.685504
17.39 16.684604
17.395 16.683705
17.4 16.682806
17.405 16.681907
17.41 16.681009
17.415 16.680112
17.42 16.679215
17.425 16.678318
17.43 16.677423
17.435 16.676527
17.44 16.675632
17.445 16.674738
17.45 16.673844
17.455 16.672951
17.46 16.672058
17.465 16.671165
17.47 16.670274
17.475 16.669382
17.48 16.668491
17.485 16.667601
17.49 16.666711
17.495 16.665822
17.5 16.664933
17.505 16.664045
17.51 16.663157
17.515 16.66227
17.52 16.661383
17.525 16.660497
17.53 16.659611
17.535 16.658726
17.54 16.657841
17.545 16.656957
17.55 16.656073
17.555 16.65519
17.56 16.654307
17.565 16.653425
17.57 16.652543
17.575 16.651662
17.58 16.650782
17.585 16.649901
17.59 16.649022
17.595 16.648142
17.6 16.647264
17.605 16.646386
17.61 16.645508
17.615 16.644631
17.62 16.643754
17.625 16.642878
17.63 16.642002
17.635 16.641127
17.64 16.640252
17.645 16.639378
17.65 16.638504
17.655 16.637631
17.66 16.636758
17.665 16.635886
17.67 16.635014
17.675 16.634143
17.68 16.633272
17.685 16.632402
17.69 16.631532
17.695 16.630663
17.7 16.629794
17.705 16.628926
17.71 16.628058
17.715 16.62719
17.72 16.626324
17.725 16.625457
17.73 16.624591
17.735 16.623726
17.74 16.622861
17.745 16.621997
17.75 16.621133
17.755 16.620269
17.76 16.619406
17.765 16.618544
17.77 16.617682
17.775 16.616821
17.78 16.61596
17.785 16.615099
17.79 16.614239
17.795 16.613379
17.8 16.61252
17.805 16.611662
17.81 16.610804
17.815 16.609946
17.82 16.609089
17.825 16.608232
17.83 16.607376
17.835 16.60652
17.84 16.605665
17.845 16.60481
17.85 16.603956
17.855 16.603102
17.86 16.602249
17.865 16.601396
17.87 16.600544
17.875 16.599692
17.88 16.598841
17.885 16.59799
17.89 16.597139
17.895 16.596289
17.9 16.59544
17.905 16.594591
17.91 16.593742
17.915 16.592894
17.92 16.592047
17.925 16.5912
17.93 16.590353
17.935 16.589507
17.94 16.588661
17.945 16.587816
17.95 16.586971
17.955 16.586127
17.96 16.585283
17.965 16.58444
17.97 16.583597
17.975 16.582754
17.98 16.581912
17.985 16.581071
17.99 16.58023
17.995 16.579389
18 16.578549
18.005 16.57771
18.01 16.57687
18.015 16.576032
18.02 16.575193
18.025 16.574356
18.03 16.573518
18.035 16.572682
18.04 16.571845
18.045 16.571009
18.05 16.570174
18.055 16.569339
18.06 16.568504
18.065 16.56767
18.07 16.566837
18.075 16.566004
18.08 16.565171
18.085 16.564339
18.09 16.563507
18.095 16.562676
18.1 16.561845
18.105 16.561015
18.11 16.560185
18.115 16.559355
18.12 16.558526
18.125 16.557698
18.13 16.55687
18.135 16.556042
18.14 16.555215
18.145 16.554388
18.15 16.553562
18.155 16.552736
18.16 16.551911
18.165 16.551086
18.17 16.550262
18.175 16.549438
18.18 16.548614
18.185 16.547791
18.19 16.546968
18.195 16.546146
18.2 16.545324
18.205 16.544503
18.21 16.543682
18.215 16.542862
18.22 16.542042
18.225 16.541223
18.23 16.540404
18.235 16.539585
18.24 16.538767
18.245 16.537949
18.25 16.537132
18.255 16.536315
18.26 16.535499
18.265 16.534683
18.27 16.533868
18.275 16.533053
18.28 16.532238
18.285 16.531424
18.29 16.53061
18.295 16.529797
18.3 16.528984
18.305 16.528172
18.31 16.52736
18.315 16.526549
18.32 16.525738
18.325 16.524927
18.33 16.524117
18.335 16.523308
18.34 16.522498
18.345 16.52169
18.35 16.520881
18.355 16.520073
18.36 16.519266
18.365 16.518459
18.37 16.517652
18.375 16.516846
18.38 16.51604
18.385 16.515235
18.39 16.51443
18.395 16.513626
18.4 16.512822
18.405 16.512019
18.41 16.511215
18.415 16.510413
18.42 16.509611
18.425 16.508809
18.43 16.508008
18.435 16.507207
18.44 16.506406
18.445 16.505606
18.45 16.504807
18.455 16.504007
18.46 16.503209
18.465 16.50241
18.47 16.501613
18.475 16.500815
18.48 16.500018
18.485 16.499222
18.49 16.498425
18.495 16.49763
18.5 16.496834
18.505 16.49604
18.51 16.495245
18.515 16.494451
18.52 16.493658
18.525 16.492864
18.53 16.492072
18.535 16.491279
18.54 16.490488
18.545 16.489696
18.55 16.488905
18.555 16.488115
18.56 16.487325
18.565 16.486535
18.57 16.485746
18.575 16.484957
18.58 16.484168
18.585 16.48338
18.59 16.482593
18.595 16.481805
18.6 16.481019
18.605 16.480232
18.61 16.479446
18.615 16.478661
18.62 16.477876
18.625 16.477091
18.63 16.476307
18.635 16.475523
18.64 16.47474
18.645 16.473957
18.65 16.473174
18.655 16.472392
18.66 16.471611
18.665 16.470829
18.67 16.470048
18.675 16.469268
18.68 16.468488
18.685 16.467708
18.69 16.466929
18.695 16.46615
18.7 16.465372
18.705 16.464594
18.71 16.463817
18.715 16.463039
18.72 16.462263
18.725 16.461487
18.73 16.460711
18.735 16.459935
18.74 16.45916
18.745 16.458386
18.75 16.457611
18.755 16.456838
18.76 16.456064
18.765 16.455291
18.77 16.454519
18.775 16.453746
18.78 16.452975
18.785 16.452203
18.79 16.451433
18.795 16.450662
18.8 16.449892
18.805 16.449122
18.81 16.448353
18.815 16.447584
18.82 16.446816
18.825 16.446048
18.83 16.44528
18.835 16.444513
18.84 16.443746
18.845 16.442979
18.85 16.442213
18.855 16.441448
18.86 16.440683
18.865 16.439918
18.87 16.439153
18.875 16.438389
18.88 16.437626
18.885 16.436863
18.89 16.4361
18.895 16.435338
18.9 16.434576
18.905 16.433814
18.91 16.433053
18.915 16.432292
18.92 16.431532
18.925 16.430772
18.93 16.430012
18.935 16.429253
18.94 16.428494
18.945 16.427736
18.95 16.426978
18.955 16.42622
18.96 16.425463
18.965 16.424707
18.97 16.42395
18.975 16.423194
18.98 16.422439
18.985 16.421684
18.99 16.420929
18.995 16.420174
19 16.41942
19.005 16.418667
19.01 16.417914
19.015 16.417161
19.02 16.416409
19.025 16.415657
19.03 16.414905
19.035 16.414154
19.04 16.413403
19.045 16.412653
19.05 16.411903
19.055 16.411153
19.06 16.410404
19.065 16.409655
19.07 16.408906
19.075 16.408158
19.08 16.407411
19.085 16.406663
19.09 16.405917
19.095 16.40517
19.1 16.404424
19.105 16.403678
19.11 16.402933
19.115 16.402188
19.12 16.401444
19.125 16.400699
19.13 16.399956
19.135 16.399212
19.14 16.398469
19.145 16.397727
19.15 16.396985
19.155 16.396243
19.16 16.395501
19.165 16.39476
19.17 16.39402
19.175 16.393279
19.18 16.39254
19.185 16.3918
19.19 16.391061
19.195 16.390322
19.2 16.389584
19.205 16.388846
19.21 16.388108
19.215 16.387371
19.22 16.386634
19.225 16.385898
19.23 16.385162
19.235 16.384426
19.24 16.383691
19.245 16.382956
19.25 16.382222
19.255 16.381487
19.26 16.380754
19.265 16.38002
19.27 16.379287
19.275 16.378555
19.28 16.377823
19.285 16.377091
19.29 16.376359
19.295 16.375628
19.3 16.374897
19.305 16.374167
19.31 16.373437
19.315 16.372708
19.32 16.371978
19.325 16.37125
19.33 16.370521
19.335 16.369793
19.34 16.369065
19.345 16.368338
19.35 16.367611
19.355 16.366885
19.36 16.366158
19.365 16.365433
19.37 16.364707
19.375 16.363982
19.38 16.363257
19.385 16.362533
19.39 16.361809
19.395 16.361086
19.4 16.360362
19.405 16.35964
19.41 16.358917
19.415 16.358195
19.42 16.357473
19.425 16.356752
19.43 16.356031
19.435 16.35531
19.44 16.35459
19.445 16.35387
19.45 16.353151
19.455 16.352432
19.46 16.351713
19.465 16.350995
19.47 16.350277
19.475 16.349559
19.48 16.348842
19.485 16.348125
19.49 16.347408
19.495 16.346692
19.5 16.345976
19.505 16.345261
19.51 16.344546
19.515 16.343831
19.52 16.343117
19.525 16.342403
19.53 16.341689
19.535 16.340976
19.54 16.340263
19.545 16.339551
19.55 16.338839
19.555 16.338127
19.56 16.337416
19.565 16.336704
19.57 16.335994
19.575 16.335283
19.58 16.334574
19.585 16.333864
19.59 16.333155
19.595 16.332446
19.6 16.331737
19.605 16.331029
19.61 16.330321
19.615 16.329614
19.62 16.328907
19.625 16.3282
19.63 16.327494
19.635 16.326788
19.64 16.326082
19.645 16.325377
19.65 16.324672
19.655 16.323968
19.66 16.323263
19.665 16.32256
19.67 16.321856
19.675 16.321153
19.68 16.32045
19.685 16.319748
19.69 16.319046
19.695 16.318344
19.7 16.317643
19.705 16.316942
19.71 16.316241
19.715 16.315541
19.72 16.314841
19.725 16.314141
19.73 16.313442
19.735 16.312743
19.74 16.312045
19.745 16.311347
19.75 16.310649
19.755 16.309952
19.76 16.309254
19.765 16.308558
19.77 16.307861
19.775 16.307165
19.78 16.30647
19.785 16.305774
19.79 16.305079
19.795 16.304385
19.8 16.303691
19.805 16.302997
19.81 16.302303
19.815 16.30161
19.82 16.300917
19.825 16.300224
19.83 16.299532
19.835 16.298841
19.84 16.298149
19.845 16.297458
19.85 16.296767
19.855 16.296077
19.86 16.295387
19.865 16.294697
19.87 16.294008
19.875 16.293319
19.88 16.29263
19.885 16.291941
19.89 16.291254
19.895 16.290566
19.9 16.289879
19.905 16.289192
19.91 16.288505
19.915 16.287819
19.92 16.287133
19.925 16.286447
19.93 16.285762
19.935 16.285077
19.94 16.284393
19.945 16.283708
19.95 16.283024
19.955 16.282341
19.96 16.281658
19.965 16.280975
19.97 16.280292
19.975 16.27961
19.98 16.278929
19.985 16.278247
19.99 16.277566
19.995 16.276885

