0.5 69.047945
0.51 67.980793
0.52 66.953936
0.53 65.968043
0.54 65.014387
0.55 64.099629
0.56 63.211732
0.57 62.360754
0.58 61.537717
0.59 60.741391
0.6 59.973675
0.61 59.223953
0.62 58.510288
0.63 57.812009
0.64 57.136877
0.65 56.482075
0.66 55.847695
0.67 55.232613
0.68 54.63452
0.69 54.055333
0.7 53.488746
0.71 52.943354
0.72 52.410485
0.73 51.892636
0.74 51.388941
0.75 50.896605
0.76 50.421404
0.77 49.955502
0.78 49.502701
0.79 49.060529
0.8 48.629844
0.81 48.209874
0.82 47.800099
0.83 47.400666
0.84 47.007881
0.85 46.628867
0.86 46.255987
0.87 45.892488
0.88 45.536741
0.89 45.188778
0.9 44.849869
0.91 44.517087
0.92 44.192442
0.93 43.873895
0.94 43.56262
0.95 43.25766
0.96 42.959477
0.97 42.667432
0.98 42.379636
0.99 42.100618
1 41.825197
1.01 41.556142
1.02 41.291745
1.03 41.032525
1.04 40.778762
1.05 40.529432
1.06 40.285147
1.07 40.044741
1.08 39.809511
1.09 39.577932
1.1 39.351224
1.11 39.128409
1.12 38.908793
1.13 38.694582
1.14 38.482885
1.15 38.275721
1.16 38.071556
1.17 37.870928
1.18 37.673865
1.19 37.480112
1.2 37.289673
1.21 37.101797
1.22 36.917821
1.23 36.736029
1.24 36.557863
1.25 36.382269
1.26 36.209211
1.27 36.039578
1.28 35.871859
1.29 35.707392
1.3 35.544993
1.31 35.385154
1.32 35.22772
1.33 35.072798
1.34 34.920188
1.35 34.769459
1.36 34.621517
1.37 34.475037
1.38 34.331449
1.39 34.189518
1.4 34.049527
1.41 33.911867
1.42 33.775838
1.43 33.641994
1.44 33.509736
1.45 33.379443
1.46 33.250773
1.47 33.124053
1.48 32.999027
1.49 32.875477
1.5 32.75388
1.51 32.633353
1.52 32.515158
1.53 32.398074
1.54 32.282521
1.55 32.168555
1.56 32.056005
1.57 31.944975
1.58 31.835179
1.59 31.72694
1.6 31.619804
1.61 31.514251
1.62 31.409949
1.63 31.306845
1.64 31.205127
1.65 31.104283
1.66 31.005228
1.67 30.907002
1.68 30.810002
1.69 30.714139
1.7 30.619432
1.71 30.525855
1.72 30.433289
1.73 30.341903
1.74 30.2513
1.75 30.162092
1.76 30.073722
1.77 29.986361
1.78 29.900011
1.79 29.814472
1.8 29.73018
1.81 29.6466
1.82 29.564019
1.83 29.48228
1.84 29.401465
1.85 29.321532
1.86 29.242444
1.87 29.164253
1.88 29.086626
1.89 29.010247
1.9 28.934425
1.91 28.859457
1.92 28.785235
1.93 28.711757
1.94 28.639163
1.95 28.567007
1.96 28.495058
1.97 28.423165
1.98 28.351274
1.99 28.279382
2 28.20749
2.01 28.135598
2.02 28.063706
2.03 27.991814
2.04 27.919923
2.05 27.848031
2.06 27.776139
2.07 27.704247
2.08 27.632355
2.09 27.560463
2.1 27.488572
2.11 27.41668
2.12 27.344788
2.13 27.272897
2.14 27.201004
2.15 27.129113
2.16 27.057221
2.17 26.985329
2.18 26.913437
2.19 26.841545
2.2 26.769653
2.21 26.697762
2.22 26.62587
2.23 26.553978
2.24 26.482085
2.25 26.410194
2.26 26.338302
2.27 26.266411
2.28 26.194519
2.29 26.122627
2.3 26.050736
2.31 25.978843
2.32 25.906951
2.33 25.83506
2.34 25.763168
2.35 25.691276
2.36 25.619384
2.37 25.547492
2.38 25.475601
2.39 25.403709
2.4 25.331817
2.41 25.259925
2.42 25.188033
2.43 25.116141
2.44 25.04425
2.45 24.972358
2.46 24.900466
2.47 24.828574
2.48 24.756682
2.49 24.68479
2.5 24.609862
2.51 24.501637
2.52 24.390375
2.53 24.280912
2.54 24.173247
2.55 24.065821
2.56 23.961393
2.57 23.857204
2.58 23.754721
2.59 23.653867
2.6 23.553565
2.61 23.455459
2.62 23.357878
2.63 23.262555
2.64 23.169328
2.65 23.076732
2.66 22.986137
2.67 22.896124
2.68 22.806278
2.69 22.716619
2.7 22.62764
2.71 22.542498
2.72 22.458036
2.73 22.374414
2.74 22.291633
2.75 22.208866
2.76 22.128405
2.77 22.047958
2.78 21.968737
2.79 21.89074
2.8 21.813045
2.81 21.737176
2.82 21.661607
2.83 21.587271
2.84 21.514032
2.85 21.441256
2.86 21.369953
2.87 21.29909
2.88 21.229308
2.89 21.160671
2.9 21.092395
2.91 21.025577
2.92 20.959144
2.93 20.893726
2.94 20.829392
2.95 20.765219
2.96 20.702785
2.97 20.640513
2.98 20.579244
2.99 20.518978
3 20.458844
3.01 20.4004
3.02 20.342089
3.03 20.284742
3.04 20.228319
3.05 20.17221
3.06 20.117356
3.07 20.062805
3.08 20.00918
3.09 19.956413
3.1 19.903994
3.11 19.852694
3.12 19.801748
3.13 19.751599
3.14 19.702345
3.15 19.653312
3.16 19.605519
3.17 19.557947
3.18 19.511196
3.19 19.465266
3.2 19.419349
3.21 19.37501
3.22 19.330684
3.23 19.28714
3.24 19.244378
3.25 19.201805
3.26 19.160382
3.27 19.119149
3.28 19.078688
3.29 19.038916
3.3 18.999435
3.31 18.960881
3.32 18.922603
3.33 18.885008
3.34 18.848133
3.35 18.811489
3.36 18.775765
3.37 18.740285
3.38 18.705447
3.39 18.671297
3.4 18.637395
3.41 18.606135
3.42 18.575123
3.43 18.543993
3.44 18.512743
3.45 18.481555
3.46 18.451154
3.47 18.420812
3.48 18.391064
3.49 18.361884
3.5 18.332897
3.51 18.304688
3.52 18.276664
3.53 18.249213
3.54 18.222295
3.55 18.19559
3.56 18.169575
3.57 18.143781
3.58 18.118476
3.59 18.093721
3.6 18.069103
3.61 18.045243
3.62 18.021519
3.63 17.998295
3.64 17.97557
3.65 17.952855
3.66 17.931087
3.67 17.909329
3.68 17.888037
3.69 17.86721
3.7 17.846494
3.71 17.826457
3.72 17.806531
3.73 17.787054
3.74 17.76798
3.75 17.749074
3.76 17.730702
3.77 17.712489
3.78 17.694666
3.79 17.677255
3.8 17.659974
3.81 17.643215
3.82 17.626594
3.83 17.610332
3.84 17.594457
3.85 17.578639
3.86 17.563433
3.87 17.548284
3.88 17.533486
3.89 17.519039
3.9 17.504636
3.91 17.490822
3.92 17.477052
3.93 17.463613
3.94 17.45049
3.95 17.437473
3.96 17.424884
3.97 17.412395
3.98 17.400218
3.99 17.388329
4 17.376554
4.01 17.365151
4.02 17.353866
4.03 17.342842
4.04 17.33211
4.05 17.32145
4.06 17.311191
4.07 17.301004
4.08 17.291079
4.09 17.281417
4.1 17.27176
4.11 17.262599
4.12 17.253443
4.13 17.244532
4.14 17.235865
4.15 17.227255
4.16 17.219001
4.17 17.210805
4.18 17.202845
4.19 17.195094
4.2 17.187432
4.21 17.18005
4.22 17.17275
4.23 17.165655
4.24 17.158774
4.25 17.151962
4.26 17.145421
4.27 17.138953
4.28 17.132673
4.29 17.126594
4.3 17.120545
4.31 17.114814
4.32 17.109114
4.33 17.103596
4.34 17.098261
4.35 17.092949
4.36 17.087943
4.37 17.08296
4.38 17.078147
4.39 17.0735
4.4 17.068908
4.41 17.064536
4.42 17.060216
4.43 17.056056
4.44 17.052044
4.45 17.048091
4.46 17.044328
4.47 17.040625
4.48 17.037054
4.49 17.033632
4.5 17.030247
4.51 17.027062
4.52 17.023913
4.53 17.020895
4.54 17.018009
4.55 17.015124
4.56 17.012485
4.57 17.009847
4.58 17.007329
4.59 17.004929
4.6 17.002557
4.61 17.000356
4.62 16.998183
4.63 16.996123
4.64 16.994163
4.65 16.992244
4.66 16.990457
4.67 16.988709
4.68 16.987056
4.69 16.985504
4.7 16.983984
4.71 16.98259
4.72 16.981229
4.73 16.979956
4.74 16.978775
4.75 16.977609
4.76 16.976588
4.77 16.975582
4.78 16.974659
4.79 16.973821
4.8 16.972994
4.81 16.972308
4.82 16.971632
4.83 16.971035
4.84 16.970515
4.85 16.970019
4.86 16.969626
4.87 16.969258
4.88 16.968963
4.89 16.968738
4.9 16.96854
4.91 16.968432
4.92 16.968352
4.93 16.968336
4.94 16.968388
4.95 16.968458
4.96 16.968624
4.97 16.968808
4.98 16.969054
4.99 16.969364
5 16.969674
5.01 16.970103
5.02 16.970535
5.03 16.971024
5.04 16.971571
5.05 16.972133
5.06 16.972779
5.07 16.973439
5.08 16.974154
5.09 16.97492
5.1 16.975707
5.11 16.97656
5.12 16.977432
5.13 16.978352
5.14 16.979323
5.15 16.98031
5.16 16.981361
5.17 16.982428
5.18 16.983539
5.19 16.984697
5.2 16.985861
5.21 16.9871
5.22 16.988345
5.23 16.989632
5.24 16.990961
5.25 16.992295
5.26 16.993699
5.27 16.995108
5.28 16.996556
5.29 16.99804
5.3 16.999537
5.31 17.001085
5.32 17.002643
5.33 17.004237
5.34 17.005864
5.35 17.007504
5.36 17.009187
5.37 17.010882
5.38 17.012607
5.39 17.014365
5.4 17.01613
5.41 17.017939
5.42 17.019757
5.43 17.021603
5.44 17.023477
5.45 17.025353
5.46 17.02728
5.47 17.029209
5.48 17.031163
5.49 17.033143
5.5 17.035128
5.51 17.037151
5.52 17.039179
5.53 17.041232
5.54 17.043305
5.55 17.045387
5.56 17.047497
5.57 17.049615
5.58 17.051752
5.59 17.05391
5.6 17.056076
5.61 17.058266
5.62 17.060463
5.63 17.062678
5.64 17.06491
5.65 17.067146
5.66 17.06941
5.67 17.071677
5.68 17.07396
5.69 17.076258
5.7 17.078558
5.71 17.080884
5.72 17.083212
5.73 17.085554
5.74 17.087909
5.75 17.090269
5.76 17.092646
5.77 17.095027
5.78 17.09742
5.79 17.099824
5.8 17.102232
5.81 17.104655
5.82 17.107082
5.83 17.109517
5.84 17.111963
5.85 17.114412
5.86 17.116874
5.87 17.119338
5.88 17.12181
5.89 17.124291
5.9 17.126772
5.91 17.129267
5.92 17.131763
5.93 17.134265
5.94 17.136773
5.95 17.139283
5.96 17.141803
5.97 17.144323
5.98 17.146849
5.99 17.14938
6 17.151912
6.01 17.15445
6.02 17.156989
6.03 17.159532
6.04 17.162079
6.05 17.164628
6.06 17.16718
6.07 17.169732
6.08 17.172288
6.09 17.174846
6.1 17.177404
6.11 17.179964
6.12 17.182526
6.13 17.185088
6.14 17.187652
6.15 17.190215
6.16 17.19278
6.17 17.195345
6.18 17.197909
6.19 17.200474
6.2 17.203038
6.21 17.205602
6.22 17.208165
6.23 17.210728
6.24 17.213289
6.25 17.21585
6.26 17.218408
6.27 17.220967
6.28 17.223523
6.29 17.226077
6.3 17.22863
6.31 17.231179
6.32 17.233728
6.33 17.236274
6.34 17.238817
6.35 17.24136
6.36 17.243896
6.37 17.246432
6.38 17.248964
6.39 17.251492
6.4 17.254019
6.41 17.256539
6.42 17.259059
6.43 17.261574
6.44 17.264084
6.45 17.266592
6.46 17.269094
6.47 17.271594
6.48 17.274089
6.49 17.276577
6.5 17.279064
6.51 17.281544
6.52 17.284021
6.53 17.286492
6.54 17.288958
6.55 17.291421
6.56 17.293875
6.57 17.296327
6.58 17.298772
6.59 17.301211
6.6 17.303649
6.61 17.306074
6.62 17.308499
6.63 17.310916
6.64 17.313325
6.65 17.315733
6.66 17.31813
6.67 17.320524
6.68 17.322911
6.69 17.325289
6.7 17.327664
6.71 17.33003
6.72 17.332392
6.73 17.334746
6.74 17.337091
6.75 17.339434
6.76 17.341764
6.77 17.344092
6.78 17.346411
6.79 17.348721
6.8 17.351031
6.81 17.353324
6.82 17.355616
6.83 17.357898
6.84 17.360172
6.85 17.362443
6.86 17.364699
6.87 17.366954
6.88 17.369199
6.89 17.371433
6.9 17.373665
6.91 17.375884
6.92 17.378099
6.93 17.380305
6.94 17.3825
6.95 17.384691
6.96 17.38687
6.97 17.389045
6.98 17.391209
6.99 17.393363
7 17.395515
7.01 17.397654
7.02 17.399786
7.03 17.401909
7.04 17.404022
7.05 17.406129
7.06 17.408224
7.07 17.410313
7.08 17.412393
7.09 17.414463
7.1 17.416525
7.11 17.418579
7.12 17.420623
7.13 17.422659
7.14 17.424686
7.15 17.426702
7.16 17.428711
7.17 17.430711
7.18 17.432701
7.19 17.434683
7.2 17.436655
7.21 17.438618
7.22 17.440573
7.23 17.442517
7.24 17.444453
7.25 17.44638
7.26 17.448296
7.27 17.450204
7.28 17.452104
7.29 17.453991
7.3 17.455872
7.31 17.457742
7.32 17.459603
7.33 17.461454
7.34 17.463296
7.35 17.465128
7.36 17.466952
7.37 17.468765
7.38 17.470569
7.39 17.472364
7.4 17.474146
7.41 17.475921
7.42 17.477687
7.43 17.479443
7.44 17.481189
7.45 17.482925
7.46 17.48465
7.47 17.486368
7.48 17.488075
7.49 17.489771
7.5 17.49146
7.51 17.493136
7.52 17.494804
7.53 17.496463
7.54 17.498109
7.55 17.499746
7.56 17.501375
7.57 17.502993
7.58 17.504601
7.59 17.506199
7.6 17.507786
7.61 17.509364
7.62 17.510932
7.63 17.51249
7.64 17.514039
7.65 17.515575
7.66 17.517102
7.67 17.51862
7.68 17.520126
7.69 17.521623
7.7 17.523111
7.71 17.524585
7.72 17.526052
7.73 17.527508
7.74 17.528952
7.75 17.530388
7.76 17.531813
7.77 17.533226
7.78 17.534632
7.79 17.536024
7.8 17.537406
7.81 17.53878
7.82 17.540141
7.83 17.541492
7.84 17.542833
7.85 17.544161
7.86 17.54548
7.87 17.546789
7.88 17.548087
7.89 17.549374
7.9 17.550649
7.91 17.551913
7.92 17.553169
7.93 17.554411
7.94 17.555642
7.95 17.556863
7.96 17.558072
7.97 17.559271
7.98 17.560459
7.99 17.561633
8 17.562798
8.01 17.563952
8.02 17.565094
8.03 17.566228
8.04 17.567352
8.05 17.568467
8.06 17.569574
8.07 17.570673
8.08 17.571763
8.09 17.572846
8.1 17.573918
8.11 17.574984
8.12 17.576044
8.13 17.577095
8.14 17.578138
8.15 17.579175
8.16 17.580204
8.17 17.581228
8.18 17.582244
8.19 17.583254
8.2 17.584258
8.21 17.585257
8.22 17.586251
8.23 17.587239
8.24 17.588221
8.25 17.5892
8.26 17.590175
8.27 17.591144
8.28 17.59211
8.29 17.593073
8.3 17.594031
8.31 17.594988
8.32 17.595943
8.33 17.596895
8.34 17.597844
8.35 17.598793
8.36 17.599741
8.37 17.600689
8.38 17.601637
8.39 17.602584
8.4 17.603532
8.41 17.604481
8.42 17.605434
8.43 17.606386
8.44 17.607342
8.45 17.608302
8.46 17.609264
8.47 17.610232
8.48 17.611204
8.49 17.612181
8.5 17.613165
8.51 17.614156
8.52 17.615153
8.53 17.61616
8.54 17.617173
8.55 17.618197
8.56 17.619231
8.57 17.620274
8.58 17.621333
8.59 17.6224
8.6 17.623482
8.61 17.624579
8.62 17.62569
8.63 17.626815
8.64 17.627958
8.65 17.629117
8.66 17.630296
8.67 17.631496
8.68 17.632711
8.69 17.633951
8.7 17.635212
8.71 17.636493
8.72 17.637804
8.73 17.639136
8.74 17.640488
8.75 17.641876
8.76 17.643288
8.77 17.644725
8.78 17.646198
8.79 17.647693
8.8 17.649221
8.81 17.650784
8.82 17.652374
8.83 17.654
8.84 17.655658
8.85 17.657345
8.86 17.659071
8.87 17.660832
8.88 17.662616
8.89 17.664447
8.9 17.666306
8.91 17.668193
8.92 17.670124
8.93 17.672079
8.94 17.674063
8.95 17.676085
8.96 17.67813
8.97 17.680205
8.98 17.682308
8.99 17.684429
9 17.686577
9.01 17.688745
9.02 17.690927
9.03 17.693131
9.04 17.695344
9.05 17.697564
9.06 17.699798
9.07 17.702032
9.08 17.704267
9.09 17.706503
9.1 17.708731
9.11 17.710953
9.12 17.713162
9.13 17.715359
9.14 17.717538
9.15 17.719695
9.16 17.721833
9.17 17.723939
9.18 17.72602
9.19 17.728076
9.2 17.730089
9.21 17.732072
9.22 17.734021
9.23 17.735923
9.24 17.737794
9.25 17.739621
9.26 17.741402
9.27 17.743145
9.28 17.74484
9.29 17.74649
9.3 17.748101
9.31 17.749659
9.32 17.751173
9.33 17.752652
9.34 17.754073
9.35 17.755454
9.36 17.756795
9.37 17.758082
9.38 17.759335
9.39 17.760545
9.4 17.761708
9.41 17.762836
9.42 17.76392
9.43 17.764964
9.44 17.765976
9.45 17.766944
9.46 17.767877
9.47 17.76878
9.48 17.76964
9.49 17.770473
9.5 17.771274
9.51 17.772038
9.52 17.772775
9.53 17.773485
9.54 17.774162
9.55 17.774816
9.56 17.775441
9.57 17.776039
9.58 17.776615
9.59 17.777165
9.6 17.777693
9.61 17.7782
9.62 17.778681
9.63 17.779144
9.64 17.779591
9.65 17.780013
9.66 17.780419
9.67 17.780809
9.68 17.781177
9.69 17.781533
9.7 17.781872
9.71 17.782194
9.72 17.782503
9.73 17.782797
9.74 17.783078
9.75 17.783347
9.76 17.783601
9.77 17.783844
9.78 17.784077
9.79 17.784296
9.8 17.784505
9.81 17.784706
9.82 17.784894
9.83 17.785074
9.84 17.785245
9.85 17.785406
9.86 17.78556
9.87 17.785704
9.88 17.785841
9.89 17.785972
9.9 17.786093
9.91 17.786209
9.92 17.786318
9.93 17.786421
9.94 17.786517
9.95 17.786606
9.96 17.786691
9.97 17.786769
9.98 17.786843
9.99 17.786912
10 17.78698
10.01 17.787052
10.02 17.787128
10.03 17.787208
10.04 17.787292
10.05 17.787378
10.06 17.787468
10.07 17.787561
10.08 17.787657
10.09 17.787756
10.1 17.787859
10.11 17.787964
10.12 17.788071
10.13 17.788181
10.14 17.788293
10.15 17.788407
10.16 17.788523
10.17 17.788642
10.18 17.788761
10.19 17.788884
10.2 17.789008
10.21 17.789133
10.22 17.789261
10.23 17.78939
10.24 17.789521
10.25 17.789653
10.26 17.789786
10.27 17.78992
10.28 17.790056
10.29 17.790194
10.3 17.790332
10.31 17.790471
10.32 17.790611
10.33 17.790752
10.34 17.790895
10.35 17.791037
10.36 17.791181
10.37 17.791326
10.38 17.791471
10.39 17.791617
10.4 17.791763
10.41 17.79191
10.42 17.792058
10.43 17.792206
10.44 17.792355
10.45 17.792504
10.46 17.792654
10.47 17.792803
10.48 17.792954
10.49 17.793104
10.5 17.793255
10.51 17.793406
10.52 17.793557
10.53 17.793709
10.54 17.793861
10.55 17.794012
10.56 17.794164
10.57 17.794316
10.58 17.794468
10.59 17.794621
10.6 17.794773
10.61 17.794925
10.62 17.795077
10.63 17.795229
10.64 17.795382
10.65 17.795534
10.66 17.795686
10.67 17.795837
10.68 17.795989
10.69 17.796141
10.7 17.796292
10.71 17.796444
10.72 17.796595
10.73 17.796746
10.74 17.796897
10.75 17.797048
10.76 17.797198
10.77 17.797348
10.78 17.797498
10.79 17.797648
10.8 17.797797
10.81 17.797946
10.82 17.798095
10.83 17.798244
10.84 17.798392
10.85 17.79854
10.86 17.798688
10.87 17.798835
10.88 17.798982
10.89 17.799129
10.9 17.799275
10.91 17.79942
10.92 17.799566
10.93 17.799711
10.94 17.799856
10.95 17.800001
10.96 17.800145
10.97 17.800288
10.98 17.800431
10.99 17.800575
11 17.800717
11.01 17.800859
11.02 17.801001
11.03 17.801141
11.04 17.801283
11.05 17.801423
11.06 17.801563
11.07 17.801703
11.08 17.801841
11.09 17.80198
11.1 17.802118
11.11 17.802256
11.12 17.802394
11.13 17.80253
11.14 17.802666
11.15 17.802802
11.16 17.802938
11.17 17.803072
11.18 17.803207
11.19 17.803341
11.2 17.803475
11.21 17.803608
11.22 17.803741
11.23 17.803873
11.24 17.804005
11.25 17.804135
11.26 17.804267
11.27 17.804397
11.28 17.804526
11.29 17.804656
11.3 17.804785
11.31 17.804913
11.32 17.805041
11.33 17.805169
11.34 17.805296
11.35 17.805422
11.36 17.805548
11.37 17.805674
11.38 17.805798
11.39 17.805923
11.4 17.806047
11.41 17.806171
11.42 17.806294
11.43 17.806416
11.44 17.806539
11.45 17.80666
11.46 17.806782
11.47 17.806903
11.48 17.807022
11.49 17.807143
11.5 17.807261
11.51 17.807381
11.52 17.807499
11.53 17.807617
11.54 17.807734
11.55 17.807852
11.56 17.807968
11.57 17.808084
11.58 17.8082
11.59 17.808315
11.6 17.808429
11.61 17.808544
11.62 17.808657
11.63 17.80877
11.64 17.808883
11.65 17.808995
11.66 17.809107
11.67 17.809219
11.68 17.809329
11.69 17.80944
11.7 17.80955
11.71 17.80966
11.72 17.809769
11.73 17.809876
11.74 17.809985
11.75 17.810093
11.76 17.8102
11.77 17.810307
11.78 17.810414
11.79 17.81052
11.8 17.810625
11.81 17.81073
11.82 17.810834
11.83 17.810939
11.84 17.811042
11.85 17.811145
11.86 17.811248
11.87 17.811351
11.88 17.811453
11.89 17.811555
11.9 17.811656
11.91 17.811757
11.92 17.811857
11.93 17.811957
11.94 17.812057
11.95 17.812156
11.96 17.812254
11.97 17.812352
11.98 17.81245
11.99 17.812548
12 17.812645
12.01 17.812741
12.02 17.812837
12.03 17.812933
12.04 17.813028
12.05 17.813123
12.06 17.813218
12.07 17.813312
12.08 17.813405
12.09 17.813499
12.1 17.813592
12.11 17.813684
12.12 17.813776
12.13 17.813868
12.14 17.813959
12.15 17.81405
12.16 17.814141
12.17 17.814231
12.18 17.814321
12.19 17.814409
12.2 17.814499
12.21 17.814587
12.22 17.814676
12.23 17.814764
12.24 17.814851
12.25 17.814939
12.26 17.815025
12.27 17.815111
12.28 17.815198
12.29 17.815282
12.3 17.815368
12.31 17.815453
12.32 17.815537
12.33 17.815622
12.34 17.815706
12.35 17.815789
12.36 17.815872
12.37 17.815954
12.38 17.816037
12.39 17.816119
12.4 17.8162
12.41 17.816282
12.42 17.816362
12.43 17.816442
12.44 17.816523
12.45 17.816602
12.46 17.816682
12.47 17.81676
12.48 17.816839
12.49 17.816917
12.5 17.816995
12.51 17.817073
12.52 17.81715
12.53 17.817226
12.54 17.817302
12.55 17.817378
12.56 17.817454
12.57 17.817528
12.58 17.817603
12.59 17.817677
12.6 17.81775
12.61 17.817823
12.62 17.817895
12.63 17.817967
12.64 17.818046
12.65 17.818144
12.66 17.818292
12.67 17.818505
12.68 17.818832
12.69 17.819385
12.7 17.8202
12.71 17.821507
12.72 17.823578
12.73 17.825855
12.74 17.826095
12.75 17.823253
12.76 17.820582
12.77 17.819651
12.78 17.819369
12.79 17.819337
12.8 17.819363
12.81 17.819403
12.82 17.819453
12.83 17.819508
12.84 17.819566
12.85 17.819627
12.86 17.819689
12.87 17.819751
12.88 17.819814
12.89 17.819877
12.9 17.819941
12.91 17.820005
12.92 17.820068
12.93 17.820132
12.94 17.820195
12.95 17.820259
12.96 17.820323
12.97 17.820386
12.98 17.820449
12.99 17.820512
13 17.820576
13.01 17.820638
13.02 17.8207
13.03 17.820763
13.04 17.820825
13.05 17.820887
13.06 17.820949
13.07 17.82101
13.08 17.821071
13.09 17.821132
13.1 17.821193
13.11 17.821254
13.12 17.821314
13.13 17.821374
13.14 17.821434
13.15 17.821494
13.16 17.821554
13.17 17.821613
13.18 17.821672
13.19 17.821731
13.2 17.821789
13.21 17.821848
13.22 17.821906
13.23 17.821963
13.24 17.822021
13.25 17.822079
13.26 17.822136
13.27 17.822193
13.28 17.82225
13.29 17.822307
13.3 17.822363
13.31 17.822419
13.32 17.822475
13.33 17.822531
13.34 17.822587
13.35 17.822641
13.36 17.822697
13.37 17.822752
13.38 17.822806
13.39 17.822861
13.4 17.822915
13.41 17.822969
13.42 17.823023
13.43 17.823076
13.44 17.82313
13.45 17.823183
13.46 17.823236
13.47 17.823289
13.48 17.823342
13.49 17.823394
13.5 17.823446
13.51 17.823498
13.52 17.82355
13.53 17.823601
13.54 17.823652
13.55 17.823704
13.56 17.823754
13.57 17.823806
13.58 17.823856
13.59 17.823906
13.6 17.823957
13.61 17.824007
13.62 17.824056
13.63 17.824106
13.64 17.824156
13.65 17.824205
13.66 17.824254
13.67 17.824302
13.68 17.824351
13.69 17.8244
13.7 17.824448
13.71 17.824496
13.72 17.824544
13.73 17.824592
13.74 17.82464
13.75 17.824687
13.76 17.824734
13.77 17.824782
13.78 17.824828
13.79 17.824875
13.8 17.824921
13.81 17.824968
13.82 17.825014
13.83 17.82506
13.84 17.825106
13.85 17.825151
13.86 17.825197
13.87 17.825242
13.88 17.825287
13.89 17.825332
13.9 17.825376
13.91 17.825421
13.92 17.825466
13.93 17.82551
13.94 17.825554
13.95 17.825598
13.96 17.825642
13.97 17.825685
13.98 17.825729
13.99 17.825772
14 17.825816
14.01 17.825859
14.02 17.825901
14.03 17.825943
14.04 17.825986
14.05 17.826028
14.06 17.82607
14.07 17.826112
14.08 17.826154
14.09 17.826196
14.1 17.826237
14.11 17.826279
14.12 17.82632
14.13 17.826361
14.14 17.826402
14.15 17.826443
14.16 17.826483
14.17 17.826524
14.18 17.826564
14.19 17.826604
14.2 17.826645
14.21 17.826684
14.22 17.826724
14.23 17.826764
14.24 17.826803
14.25 17.826842
14.26 17.826882
14.27 17.826921
14.28 17.826959
14.29 17.826999
14.3 17.827037
14.31 17.827075
14.32 17.827113
14.33 17.827152
14.34 17.82719
14.35 17.827228
14.36 17.827265
14.37 17.827303
14.38 17.827341
14.39 17.827378
14.4 17.827415
14.41 17.827452
14.42 17.827489
14.43 17.827525
14.44 17.827562
14.45 17.827599
14.46 17.827635
14.47 17.827672
14.48 17.827708
14.49 17.827744
14.5 17.82778
14.51 17.827816
14.52 17.827851
14.53 17.827887
14.54 17.827922
14.55 17.827958
14.56 17.827993
14.57 17.828028
14.58 17.828063
14.59 17.828097
14.6 17.828132
14.61 17.828166
14.62 17.828201
14.63 17.828235
14.64 17.828269
14.65 17.828303
14.66 17.828337
14.67 17.828371
14.68 17.828405
14.69 17.828438
14.7 17.828472
14.71 17.828505
14.72 17.828538
14.73 17.828571
14.74 17.828604
14.75 17.828637
14.76 17.82867
14.77 17.828702
14.78 17.828735
14.79 17.828767
14.8 17.828799
14.81 17.828832
14.82 17.828864
14.83 17.828896
14.84 17.828928
14.85 17.828959
14.86 17.828991
14.87 17.829023
14.88 17.829054
14.89 17.829086
14.9 17.829117
14.91 17.829148
14.92 17.82918
14.93 17.82921
14.94 17.829241
14.95 17.829272
14.96 17.829303
14.97 17.829334
14.98 17.829365
14.99 17.829396
15 17.829348
15.01 17.829221
15.02 17.829218
15.03 17.829218
15.04 17.829218
15.05 17.829218
15.06 17.829218
15.07 17.829218
15.08 17.829218
15.09 17.829218
15.1 17.829218
15.11 17.829218
15.12 17.829218
15.13 17.829218
15.14 17.829218
15.15 17.829218
15.16 17.829218
15.17 17.829218
15.18 17.829218
15.19 17.829218
15.2 17.829218
15.21 17.829218
15.22 17.829218
15.23 17.829218
15.24 17.829218
15.25 17.829218
15.26 17.829218
15.27 17.829218
15.28 17.829218
15.29 17.829218
15.3 17.829218
15.31 17.829218
15.32 17.829218
15.33 17.829218
15.34 17.829218
15.35 17.829218
15.36 17.829218
15.37 17.829218
15.38 17.829218
15.39 17.829218
15.4 17.829218
15.41 17.829218
15.42 17.829218
15.43 17.829218
15.44 17.829218
15.45 17.829218
15.46 17.829218
15.47 17.829218
15.48 17.829218
15.49 17.829218
15.5 17.829218
15.51 17.829218
15.52 17.829218
15.53 17.829218
15.54 17.829218
15.55 17.829218
15.56 17.829218
15.57 17.829218
15.58 17.829218
15.59 17.829218
15.6 17.829218
15.61 17.829218
15.62 17.829218
15.63 17.829218
15.64 17.829218
15.65 17.829218
15.66 17.829218
15.67 17.829218
15.68 17.829218
15.69 17.829218
15.7 17.829218
15.71 17.829218
15.72 17.829218
15.73 17.829218
15.74 17.829218
15.75 17.829218
15.76 17.829218
15.77 17.829218
15.78 17.829218
15.79 17.829218
15.8 17.829218
15.81 17.829218
15.82 17.829218
15.83 17.829218
15.84 17.829218
15.85 17.829218
15.86 17.829218
15.87 17.829218
15.88 17.829218
15.89 17.829218
15.9 17.829218
15.91 17.829218
15.92 17.829218
15.93 17.829218
15.94 17.829218
15.95 17.829218
15.96 17.829218
15.97 17.829218
15.98 17.829218
15.99 17.829218
16 17.829218
16.01 17.829218
16.02 17.829218
16.03 17.829218
16.04 17.829218
16.05 17.829218
16.06 17.829218
16.07 17.829218
16.08 17.829218
16.09 17.829218
16.1 17.829218
16.11 17.829218
16.12 17.829218
16.13 17.829218
16.14 17.829218
16.15 17.829218
16.16 17.829218
16.17 17.829218
16.18 17.829218
16.19 17.829218
16.2 17.829218
16.21 17.829218
16.22 17.829218
16.23 17.829218
16.24 17.829218
16.25 17.829218
16.26 17.829218
16.27 17.829218
16.28 17.829218
16.29 17.829218
16.3 17.829218
16.31 17.829218
16.32 17.829218
16.33 17.829218
16.34 17.829218
16.35 17.829218
16.36 17.829218
16.37 17.829218
16.38 17.829218
16.39 17.829218
16.4 17.829218
16.41 17.829218
16.42 17.829218
16.43 17.829218
16.44 17.829218
16.45 17.829218
16.46 17.829218
16.47 17.829218
16.48 17.829218
16.49 17.829218
16.5 17.829218
16.51 17.829218
16.52 17.829218
16.53 17.829218
16.54 17.829218
16.55 17.829218
16.56 17.829218
16.57 17.829218
16.58 17.829218
16.59 17.829218
16.6 17.829218
16.61 17.829218
16.62 17.829218
16.63 17.829218
16.64 17.829218
16.65 17.829218
16.66 17.829218
16.67 17.829218
16.68 17.829218
16.69 17.829218
16.7 17.829218
16.71 17.829218
16.72 17.829218
16.73 17.829218
16.74 17.829218
16.75 17.829218
16.76 17.829218
16.77 17.829218
16.78 17.829218
16.79 17.829218
16.8 17.829218
16.81 17.829218
16.82 17.829218
16.83 17.829218
16.84 17.829218
16.85 17.829218
16.86 17.829218
16.87 17.829218
16.88 17.829218
16.89 17.829218
16.9 17.829218
16.91 17.829218
16.92 17.829218
16.93 17.829218
16.94 17.829218
16.95 17.829218
16.96 17.829218
16.97 17.829218
16.98 17.829218
16.99 17.829218
17 17.829218
17.01 17.829218
17.02 17.829218
17.03 17.829218
17.04 17.829218
17.05 17.829218
17.06 17.829218
17.07 17.829218
17.08 17.829218
17.09 17.829218
17.1 17.829218
17.11 17.829218
17.12 17.829218
17.13 17.829218
17.14 17.829218
17.15 17.829218
17.16 17.829218
17.17 17.829218
17.18 17.829218
17.19 17.829218
17.2 17.829218
17.21 17.829218
17.22 17.829218
17.23 17.829218
17.24 17.829218
17.25 17.829218
17.26 17.829218
17.27 17.829218
17.28 17.829218
17.29 17.829218
17.3 17.829218
17.31 17.829218
17.32 17.829218
17.33 17.829218
17.34 17.829218
17.35 17.829218
17.36 17.829218
17.37 17.829218
17.38 17.829218
17.39 17.829218
17.4 17.829218
17.41 17.829218
17.42 17.829218
17.43 17.829218
17.44 17.829218
17.45 17.829218
17.46 17.829218
17.47 17.829218
17.48 17.829218
17.49 17.829218
17.5 17.829218
17.51 17.829218
17.52 17.829218
17.53 17.829218
17.54 17.829218
17.55 17.829218
17.56 17.829218
17.57 17.829218
17.58 17.829218
17.59 17.829218
17.6 17.829218
17.61 17.829218
17.62 17.829218
17.63 17.829218
17.64 17.829218
17.65 17.829218
17.66 17.829218
17.67 17.829218
17.68 17.829218
17.69 17.829218
17.7 17.829218
17.71 17.829218
17.72 17.829218
17.73 17.829218
17.74 17.829218
17.75 17.829218
17.76 17.829218
17.77 17.829218
17.78 17.829218
17.79 17.829218
17.8 17.829218
17.81 17.829218
17.82 17.829218
17.83 17.829218
17.84 17.829218
17.85 17.829218
17.86 17.829218
17.87 17.829218
17.88 17.829218
17.89 17.829218
17.9 17.829218
17.91 17.829218
17.92 17.829218
17.93 17.829218
17.94 17.829218
17.95 17.829218
17.96 17.829218
17.97 17.829218
17.98 17.829218
17.99 17.829218
18 17.829218
18.01 17.829218
18.02 17.829218
18.03 17.829218
18.04 17.829218
18.05 17.829218
18.06 17.829218
18.07 17.829218
18.08 17.829218
18.09 17.829218
18.1 17.829218
18.11 17.829218
18.12 17.829218
18.13 17.829218
18.14 17.829218
18.15 17.829218
18.16 17.829218
18.17 17.829218
18.18 17.829218
18.19 17.829218
18.2 17.829218
18.21 17.829218
18.22 17.829218
18.23 17.829218
18.24 17.829218
18.25 17.829218
18.26 17.829218
18.27 17.829218
18.28 17.829218
18.29 17.829218
18.3 17.829218
18.31 17.829218
18.32 17.829218
18.33 17.829218
18.34 17.829218
18.35 17.829218
18.36 17.829218
18.37 17.829218
18.38 17.829218
18.39 17.829218
18.4 17.829218
18.41 17.829218
18.42 17.829218
18.43 17.829218
18.44 17.829218
18.45 17.829218
18.46 17.829218
18.47 17.829218
18.48 17.829218
18.49 17.829218
18.5 17.829218
18.51 17.829218
18.52 17.829218
18.53 17.829218
18.54 17.829218
18.55 17.829218
18.56 17.829218
18.57 17.829218
18.58 17.829218
18.59 17.829218
18.6 17.829218
18.61 17.829218
18.62 17.829218
18.63 17.829218
18.64 17.829218
18.65 17.829218
18.66 17.829218
18.67 17.829218
18.68 17.829218
18.69 17.829218
18.7 17.829218
18.71 17.829218
18.72 17.829218
18.73 17.829218
18.74 17.829218
18.75 17.829218
18.76 17.829218
18.77 17.829218
18.78 17.829218
18.79 17.829218
18.8 17.829218
18.81 17.829218
18.82 17.829218
18.83 17.829218
18.84 17.829218
18.85 17.829218
18.86 17.829218
18.87 17.829218
18.88 17.829218
18.89 17.829218
18.9 17.829218
18.91 17.829218
18.92 17.829218
18.93 17.829218
18.94 17.829218
18.95 17.829218
18.96 17.829218
18.97 17.829218
18.98 17.829218
18.99 17.829218
19 17.829218
19.01 17.829218
19.02 17.829218
19.03 17.829218
19.04 17.829218
19.05 17.829218
19.06 17.829218
19.07 17.829218
19.08 17.829218
19.09 17.829218
19.1 17.829218
19.11 17.829218
19.12 17.829218
19.13 17.829218
19.14 17.829218
19.15 17.829218
19.16 17.829218
19.17 17.829218
19.18 17.829218
19.19 17.829218
19.2 17.829218
19.21 17.829218
19.22 17.829218
19.23 17.829218
19.24 17.829218
19.25 17.829218
19.26 17.829218
19.27 17.829218
19.28 17.829218
19.29 17.829218
19.3 17.829218
19.31 17.829218
19.32 17.829218
19.33 17.829218
19.34 17.829218
19.35 17.829218
19.36 17.829218
19.37 17.829218
19.38 17.829218
19.39 17.829218
19.4 17.829218
19.41 17.829218
19.42 17.829218
19.43 17.829218
19.44 17.829218
19.45 17.829218
19.46 17.829218
19.47 17.829218
19.48 17.829218
19.49 17.829218
19.5 17.829218
19.51 17.829218
19.52 17.829218
19.53 17.829218
19.54 17.829218
19.55 17.829218
19.56 17.829218
19.57 17.829218
19.58 17.829218
19.59 17.829218
19.6 17.829218
19.61 17.829218
19.62 17.829218
19.63 17.829218
19.64 17.829218
19.65 17.829218
19.66 17.829218
19.67 17.829218
19.68 17.829218
19.69 17.829218
19.7 17.829218
19.71 17.829218
19.72 17.829218
19.73 17.829218
19.74 17.829218
19.75 17.829218
19.76 17.829218
19.77 17.829218
19.78 17.829218
19.79 17.829218
19.8 17.829218
19.81 17.829218
19.82 17.829218
19.83 17.829218
19.84 17.829218
19.85 17.829218
19.86 17.829218
19.87 17.829218
19.88 17.829218
19.89 17.829218
19.9 17.829218
19.91 17.829218
19.92 17.829218
19.93 17.829218
19.94 17.829218
19.95 17.829218
19.96 17.829218
19.97 17.829218
19.98 17.829218
19.99 17.829218
20 17.829218
20.01 17.829218
20.02 17.829218
20.03 17.829218
20.04 17.829218
20.05 17.829218
20.06 17.829218
20.07 17.829218
20.08 17.829218
20.09 17.829218
20.1 17.829218
20.11 17.829218
20.12 17.829218
20.13 17.829218
20.14 17.829218
20.15 17.829218
20.16 17.829218
20.17 17.829218
20.18 17.829218
20.19 17.829218
20.2 17.829218
20.21 17.829218
20.22 17.829218
20.23 17.829218
20.24 17.829218
20.25 17.829218
20.26 17.829218
20.27 17.829218
20.28 17.829218
20.29 17.829218
20.3 17.829218
20.31 17.829218
20.32 17.829218
20.33 17.829218
20.34 17.829218
20.35 17.829218
20.36 17.829218
20.37 17.829218
20.38 17.829218
20.39 17.829218
20.4 17.829218
20.41 17.829218
20.42 17.829218
20.43 17.829218
20.44 17.829218
20.45 17.829218
20.46 17.829218
20.47 17.829218
20.48 17.829218
20.49 17.829218
20.5 17.829218
20.51 17.829218
20.52 17.829218
20.53 17.829218
20.54 17.829218
20.55 17.829218
20.56 17.829218
20.57 17.829218
20.58 17.829218
20.59 17.829218
20.6 17.829218
20.61 17.829218
20.62 17.829218
20.63 17.829218
20.64 17.829218
20.65 17.829218
20.66 17.829218
20.67 17.829218
20.68 17.829218
20.69 17.829218
20.7 17.829218
20.71 17.829218
20.72 17.829218
20.73 17.829218
20.74 17.829218
20.75 17.829218
20.76 17.829218
20.77 17.829218
20.78 17.829218
20.79 17.829218
20.8 17.829218
20.81 17.829218
20.82 17.829218
20.83 17.829218
20.84 17.829218
20.85 17.829218
20.86 17.829218
20.87 17.829218
20.88 17.829218
20.89 17.829218
20.9 17.829218
20.91 17.829218
20.92 17.829218
20.93 17.829218
20.94 17.829218
20.95 17.829218
20.96 17.829218
20.97 17.829218
20.98 17.829218
20.99 17.829218
21 17.829218
21.01 17.829218
21.02 17.829218
21.03 17.829218
21.04 17.829218
21.05 17.829218
21.06 17.829218
21.07 17.829218
21.08 17.829218
21.09 17.829218
21.1 17.829218
21.11 17.829218
21.12 17.829218
21.13 17.829218
21.14 17.829218
21.15 17.829218
21.16 17.829218
21.17 17.829218
21.18 17.829218
21.19 17.829218
21.2 17.829218
21.21 17.829218
21.22 17.829218
21.23 17.829218
21.24 17.829218
21.25 17.829218
21.26 17.829218
21.27 17.829218
21.28 17.829218
21.29 17.829218
21.3 17.829218
21.31 17.829218
21.32 17.829218
21.33 17.829218
21.34 17.829218
21.35 17.829218
21.36 17.829218
21.37 17.829218
21.38 17.829218
21.39 17.829218
21.4 17.829218
21.41 17.829218
21.42 17.829218
21.43 17.829218
21.44 17.829218
21.45 17.829218
21.46 17.829218
21.47 17.829218
21.48 17.829218
21.49 17.829218
21.5 17.829218
21.51 17.829218
21.52 17.829218
21.53 17.829218
21.54 17.829218
21.55 17.829218
21.56 17.829218
21.57 17.829218
21.58 17.829218
21.59 17.829218
21.6 17.829218
21.61 17.829218
21.62 17.829218
21.63 17.829218
21.64 17.829218
21.65 17.829218
21.66 17.829218
21.67 17.829218
21.68 17.829218
21.69 17.829218
21.7 17.829218
21.71 17.829218
21.72 17.829218
21.73 17.829218
21.74 17.829218
21.75 17.829218
21.76 17.829218
21.77 17.829218
21.78 17.829218
21.79 17.829218
21.8 17.829218
21.81 17.829218
21.82 17.829218
21.83 17.829218
21.84 17.829218
21.85 17.829218
21.86 17.829218
21.87 17.829218
21.88 17.829218
21.89 17.829218
21.9 17.829218
21.91 17.829218
21.92 17.829218
21.93 17.829218
21.94 17.829218
21.95 17.829218
21.96 17.829218
21.97 17.829218
21.98 17.829218
21.99 17.829218
22 17.829218
22.01 17.829218
22.02 17.829218
22.03 17.829218
22.04 17.829218
22.05 17.829218
22.06 17.829218
22.07 17.829218
22.08 17.829218
22.09 17.829218
22.1 17.829218
22.11 17.829218
22.12 17.829218
22.13 17.829218
22.14 17.829218
22.15 17.829218
22.16 17.829218
22.17 17.829218
22.18 17.829218
22.19 17.829218
22.2 17.829218
22.21 17.829218
22.22 17.829218
22.23 17.829218
22.24 17.829218
22.25 17.829218
22.26 17.829218
22.27 17.829218
22.28 17.829218
22.29 17.829218
22.3 17.829218
22.31 17.829218
22.32 17.829218
22.33 17.829218
22.34 17.829218
22.35 17.829218
22.36 17.829218
22.37 17.829218
22.38 17.829218
22.39 17.829218
22.4 17.829218
22.41 17.829218
22.42 17.829218
22.43 17.829218
22.44 17.829218
22.45 17.829218
22.46 17.829218
22.47 17.829218
22.48 17.829218
22.49 17.829218
22.5 17.829218
22.51 17.829218
22.52 17.829218
22.53 17.829218
22.54 17.829218
22.55 17.829218
22.56 17.829218
22.57 17.829218
22.58 17.829218
22.59 17.829218
22.6 17.829218
22.61 17.829218
22.62 17.829218
22.63 17.829218
22.64 17.829218
22.65 17.829218
22.66 17.829218
22.67 17.829218
22.68 17.829218
22.69 17.829218
22.7 17.829218
22.71 17.829218
22.72 17.829218
22.73 17.829218
22.74 17.829218
22.75 17.829218
22.76 17.829218
22.77 17.829218
22.78 17.829218
22.79 17.829218
22.8 17.829218
22.81 17.829218
22.82 17.829218
22.83 17.829218
22.84 17.829218
22.85 17.829218
22.86 17.829218
22.87 17.829218
22.88 17.829218
22.89 17.829218
22.9 17.829218
22.91 17.829218
22.92 17.829218
22.93 17.829218
22.94 17.829218
22.95 17.829218
22.96 17.829218
22.97 17.829218
22.98 17.829218
22.99 17.829218
23 17.829218
23.01 17.829218
23.02 17.829218
23.03 17.829218
23.04 17.829218
23.05 17.829218
23.06 17.829218
23.07 17.829218
23.08 17.829218
23.09 17.829218
23.1 17.829218
23.11 17.829218
23.12 17.829218
23.13 17.829218
23.14 17.829218
23.15 17.829218
23.16 17.829218
23.17 17.829218
23.18 17.829218
23.19 17.829218
23.2 17.829218
23.21 17.829218
23.22 17.829218
23.23 17.829218
23.24 17.829218
23.25 17.829218
23.26 17.829218
23.27 17.829218
23.28 17.829218
23.29 17.829218
23.3 17.829218
23.31 17.829218
23.32 17.829218
23.33 17.829218
23.34 17.829218
23.35 17.829218
23.36 17.829218
23.37 17.829218
23.38 17.829218
23.39 17.829218
23.4 17.829218
23.41 17.829218
23.42 17.829218
23.43 17.829218
23.44 17.829218
23.45 17.829218
23.46 17.829218
23.47 17.829218
23.48 17.829218
23.49 17.829218
23.5 17.829218
23.51 17.829218
23.52 17.829218
23.53 17.829218
23.54 17.829218
23.55 17.829218
23.56 17.829218
23.57 17.829218
23.58 17.829218
23.59 17.829218
23.6 17.829218
23.61 17.829218
23.62 17.829218
23.63 17.829218
23.64 17.829218
23.65 17.829218
23.66 17.829218
23.67 17.829218
23.68 17.829218
23.69 17.829218
23.7 17.829218
23.71 17.829218
23.72 17.829218
23.73 17.829218
23.74 17.829218
23.75 17.829218
23.76 17.829218
23.77 17.829218
23.78 17.829218
23.79 17.829218
23.8 17.829218
23.81 17.829218
23.82 17.829218
23.83 17.829218
23.84 17.829218
23.85 17.829218
23.86 17.829218
23.87 17.829218
23.88 17.829218
23.89 17.829218
23.9 17.829218
23.91 17.829218
23.92 17.829218
23.93 17.829218
23.94 17.829218
23.95 17.829218
23.96 17.829218
23.97 17.829218
23.98 17.829218
23.99 17.829218
24 17.829218
24.01 17.829218
24.02 17.829218
24.03 17.829218
24.04 17.829218
24.05 17.829218
24.06 17.829218
24.07 17.829218
24.08 17.829218
24.09 17.829218
24.1 17.829218
24.11 17.829218
24.12 17.829218
24.13 17.829218
24.14 17.829218
24.15 17.829218
24.16 17.829218
24.17 17.829218
24.18 17.829218
24.19 17.829218
24.2 17.829218
24.21 17.829218
24.22 17.829218
24.23 17.829218
24.24 17.829218
24.25 17.829218
24.26 17.829218
24.27 17.829218
24.28 17.829218
24.29 17.829218
24.3 17.829218
24.31 17.829218
24.32 17.829218
24.33 17.829218
24.34 17.829218
24.35 17.829218
24.36 17.829218
24.37 17.829218
24.38 17.829218
24.39 17.829218
24.4 17.829218
24.41 17.829218
24.42 17.829218
24.43 17.829218
24.44 17.829218
24.45 17.829218
24.46 17.829218
24.47 17.829218
24.48 17.829218
24.49 17.829218
24.5 17.829218
24.51 17.829218
24.52 17.829218
24.53 17.829218
24.54 17.829218
24.55 17.829218
24.56 17.829218
24.57 17.829218
24.58 17.829218
24.59 17.829218
24.6 17.829218
24.61 17.829218
24.62 17.829218
24.63 17.829218
24.64 17.829218
24.65 17.829218
24.66 17.829218
24.67 17.829218
24.68 17.829218
24.69 17.829218
24.7 17.829218
24.71 17.829218
24.72 17.829218
24.73 17.829218
24.74 17.829218
24.75 17.829218
24.76 17.829218
24.77 17.829218
24.78 17.829218
24.79 17.829218
24.8 17.829218
24.81 17.829218
24.82 17.829218
24.83 17.829218
24.84 17.829218
24.85 17.829218
24.86 17.829218
24.87 17.829218
24.88 17.829218
24.89 17.829218
24.9 17.829218
24.91 17.829218
24.92 17.829218
24.93 17.829218
24.94 17.829218
24.95 17.829218
24.96 17.829218
24.97 17.829218
24.98 17.829218
24.99 17.829218
25 17.829218
25.01 17.829218
25.02 17.829218
25.03 17.829218
25.04 17.829218
25.05 17.829218
25.06 17.829218
25.07 17.829218
25.08 17.829218
25.09 17.829218
25.1 17.829218
25.11 17.829218
25.12 17.829218
25.13 17.829218
25.14 17.829218
25.15 17.829218
25.16 17.829218
25.17 17.829218
25.18 17.829218
25.19 17.829218
25.2 17.829218
25.21 17.829218
25.22 17.829218
25.23 17.829218
25.24 17.829218
25.25 17.829218
25.26 17.829218
25.27 17.829218
25.28 17.829218
25.29 17.829218
25.3 17.829218
25.31 17.829218
25.32 17.829218
25.33 17.829218
25.34 17.829218
25.35 17.829218
25.36 17.829218
25.37 17.829218
25.38 17.829218
25.39 17.829218
25.4 17.829218
25.41 17.829218
25.42 17.829218
25.43 17.829218
25.44 17.829218
25.45 17.829218
25.46 17.829218
25.47 17.829218
25.48 17.829218
25.49 17.829218
25.5 17.829218
25.51 17.829218
25.52 17.829218
25.53 17.829218
25.54 17.829218
25.55 17.829218
25.56 17.829218
25.57 17.829218
25.58 17.829218
25.59 17.829218
25.6 17.829218
25.61 17.829218
25.62 17.829218
25.63 17.829218
25.64 17.829218
25.65 17.829218
25.66 17.829218
25.67 17.829218
25.68 17.829218
25.69 17.829218
25.7 17.829218
25.71 17.829218
25.72 17.829218
25.73 17.829218
25.74 17.829218
25.75 17.829218
25.76 17.829218
25.77 17.829218
25.78 17.829218
25.79 17.829218
25.8 17.829218
25.81 17.829218
25.82 17.829218
25.83 17.829218
25.84 17.829218
25.85 17.829218
25.86 17.829218
25.87 17.829218
25.88 17.829218
25.89 17.829218
25.9 17.829218
25.91 17.829218
25.92 17.829218
25.93 17.829218
25.94 17.829218
25.95 17.829218
25.96 17.829218
25.97 17.829218
25.98 17.829218
25.99 17.829218
26 17.829218
26.01 17.829218
26.02 17.829218
26.03 17.829218
26.04 17.829218
26.05 17.829218
26.06 17.829218
26.07 17.829218
26.08 17.829218
26.09 17.829218
26.1 17.829218
26.11 17.829218
26.12 17.829218
26.13 17.829218
26.14 17.829218
26.15 17.829218
26.16 17.829218
26.17 17.829218
26.18 17.829218
26.19 17.829218
26.2 17.829218
26.21 17.829218
26.22 17.829218
26.23 17.829218
26.24 17.829218
26.25 17.829218
26.26 17.829218
26.27 17.829218
26.28 17.829218
26.29 17.829218
26.3 17.829218
26.31 17.829218
26.32 17.829218
26.33 17.829218
26.34 17.829218
26.35 17.829218
26.36 17.829218
26.37 17.829218
26.38 17.829218
26.39 17.829218
26.4 17.829218
26.41 17.829218
26.42 17.829218
26.43 17.829218
26.44 17.829218
26.45 17.829218
26.46 17.829218
26.47 17.829218
26.48 17.829218
26.49 17.829218
26.5 17.829218
26.51 17.829218
26.52 17.829218
26.53 17.829218
26.54 17.829218
26.55 17.829218
26.56 17.829218
26.57 17.829218
26.58 17.829218
26.59 17.829218
26.6 17.829218
26.61 17.829218
26.62 17.829218
26.63 17.829218
26.64 17.829218
26.65 17.829218
26.66 17.829218
26.67 17.829218
26.68 17.829218
26.69 17.829218
26.7 17.829218
26.71 17.829218
26.72 17.829218
26.73 17.829218
26.74 17.829218
26.75 17.829218
26.76 17.829218
26.77 17.829218
26.78 17.829218
26.79 17.829218
26.8 17.829218
26.81 17.829218
26.82 17.829218
26.83 17.829218
26.84 17.829218
26.85 17.829218
26.86 17.829218
26.87 17.829218
26.88 17.829218
26.89 17.829218
26.9 17.829218
26.91 17.829218
26.92 17.829218
26.93 17.829218
26.94 17.829218
26.95 17.829218
26.96 17.829218
26.97 17.829218
26.98 17.829218
26.99 17.829218
27 17.829218
27.01 17.829218
27.02 17.829218
27.03 17.829218
27.04 17.829218
27.05 17.829218
27.06 17.829218
27.07 17.829218
27.08 17.829218
27.09 17.829218
27.1 17.829218
27.11 17.829218
27.12 17.829218
27.13 17.829218
27.14 17.829218
27.15 17.829218
27.16 17.829218
27.17 17.829218
27.18 17.829218
27.19 17.829218
27.2 17.829218
27.21 17.829218
27.22 17.829218
27.23 17.829218
27.24 17.829218
27.25 17.829218
27.26 17.829218
27.27 17.829218
27.28 17.829218
27.29 17.829218
27.3 17.829218
27.31 17.829218
27.32 17.829218
27.33 17.829218
27.34 17.829218
27.35 17.829218
27.36 17.829218
27.37 17.829218
27.38 17.829218
27.39 17.829218
27.4 17.829218
27.41 17.829218
27.42 17.829218
27.43 17.829218
27.44 17.829218
27.45 17.829218
27.46 17.829218
27.47 17.829218
27.48 17.829218
27.49 17.829218
27.5 17.829218
27.51 17.829218
27.52 17.829218
27.53 17.829218
27.54 17.829218
27.55 17.829218
27.56 17.829218
27.57 17.829218
27.58 17.829218
27.59 17.829218
27.6 17.829218
27.61 17.829218
27.62 17.829218
27.63 17.829218
27.64 17.829218
27.65 17.829218
27.66 17.829218
27.67 17.829218
27.68 17.829218
27.69 17.829218
27.7 17.829218
27.71 17.829218
27.72 17.829218
27.73 17.829218
27.74 17.829218
27.75 17.829218
27.76 17.829218
27.77 17.829218
27.78 17.829218
27.79 17.829218
27.8 17.829218
27.81 17.829218
27.82 17.829218
27.83 17.829218
27.84 17.829218
27.85 17.829218
27.86 17.829218
27.87 17.829218
27.88 17.829218
27.89 17.829218
27.9 17.829218
27.91 17.829218
27.92 17.829218
27.93 17.829218
27.94 17.829218
27.95 17.829218
27.96 17.829218
27.97 17.829218
27.98 17.829218
27.99 17.829218
28 17.829218
28.01 17.829218
28.02 17.829218
28.03 17.829218
28.04 17.829218
28.05 17.829218
28.06 17.829218
28.07 17.829218
28.08 17.829218
28.09 17.829218
28.1 17.829218
28.11 17.829218
28.12 17.829218
28.13 17.829218
28.14 17.829218
28.15 17.829218
28.16 17.829218
28.17 17.829218
28.18 17.829218
28.19 17.829218
28.2 17.829218
28.21 17.829218
28.22 17.829218
28.23 17.829218
28.24 17.829218
28.25 17.829218
28.26 17.829218
28.27 17.829218
28.28 17.829218
28.29 17.829218
28.3 17.829218
28.31 17.829218
28.32 17.829218
28.33 17.829218
28.34 17.829218
28.35 17.829218
28.36 17.829218
28.37 17.829218
28.38 17.829218
28.39 17.829218
28.4 17.829218
28.41 17.829218
28.42 17.829218
28.43 17.829218
28.44 17.829218
28.45 17.829218
28.46 17.829218
28.47 17.829218
28.48 17.829218
28.49 17.829218
28.5 17.829218
28.51 17.829218
28.52 17.829218
28.53 17.829218
28.54 17.829218
28.55 17.829218
28.56 17.829218
28.57 17.829218
28.58 17.829218
28.59 17.829218
28.6 17.829218
28.61 17.829218
28.62 17.829218
28.63 17.829218
28.64 17.829218
28.65 17.829218
28.66 17.829218
28.67 17.829218
28.68 17.829218
28.69 17.829218
28.7 17.829218
28.71 17.829218
28.72 17.829218
28.73 17.829218
28.74 17.829218
28.75 17.829218
28.76 17.829218
28.77 17.829218
28.78 17.829218
28.79 17.829218
28.8 17.829218
28.81 17.829218
28.82 17.829218
28.83 17.829218
28.84 17.829218
28.85 17.829218
28.86 17.829218
28.87 17.829218
28.88 17.829218
28.89 17.829218
28.9 17.829218
28.91 17.829218
28.92 17.829218
28.93 17.829218
28.94 17.829218
28.95 17.829218
28.96 17.829218
28.97 17.829218
28.98 17.829218
28.99 17.829218
29 17.829218
29.01 17.829218
29.02 17.829218
29.03 17.829218
29.04 17.829218
29.05 17.829218
29.06 17.829218
29.07 17.829218
29.08 17.829218
29.09 17.829218
29.1 17.829218
29.11 17.829218
29.12 17.829218
29.13 17.829218
29.14 17.829218
29.15 17.829218
29.16 17.829218
29.17 17.829218
29.18 17.829218
29.19 17.829218
29.2 17.829218
29.21 17.829218
29.22 17.829218
29.23 17.829218
29.24 17.829218
29.25 17.829218
29.26 17.829218
29.27 17.829218
29.28 17.829218
29.29 17.829218
29.3 17.829218
29.31 17.829218
29.32 17.829218
29.33 17.829218
29.34 17.829218
29.35 17.829218
29.36 17.829218
29.37 17.829218
29.38 17.829218
29.39 17.829218
29.4 17.829218
29.41 17.829218
29.42 17.829218
29.43 17.829218
29.44 17.829218
29.45 17.829218
29.46 17.829218
29.47 17.829218
29.48 17.829218
29.49 17.829218
29.5 17.829218

