0.5 77.426598
0.51 76.359446
0.52 75.332589
0.53 74.346696
0.54 73.393041
0.55 72.478283
0.56 71.590385
0.57 70.739407
0.58 69.91637
0.59 69.120044
0.6 68.352328
0.61 67.602606
0.62 66.888941
0.63 66.190663
0.64 65.51553
0.65 64.860728
0.66 64.226348
0.67 63.611266
0.68 63.013173
0.69 62.433987
0.7 61.867399
0.71 61.322007
0.72 60.789138
0.73 60.271289
0.74 59.767594
0.75 59.275258
0.76 58.800057
0.77 58.334155
0.78 57.881354
0.79 57.439182
0.8 57.008498
0.81 56.588527
0.82 56.178752
0.83 55.779319
0.84 55.386534
0.85 55.00752
0.86 54.63464
0.87 54.271142
0.88 53.915394
0.89 53.567432
0.9 53.228522
0.91 52.89574
0.92 52.571095
0.93 52.252548
0.94 51.941273
0.95 51.636313
0.96 51.33813
0.97 51.046085
0.98 50.758289
0.99 50.479272
1 50.203851
1.01 49.934796
1.02 49.670398
1.03 49.411178
1.04 49.157416
1.05 48.908086
1.06 48.6638
1.07 48.423394
1.08 48.188164
1.09 47.956585
1.1 47.729877
1.11 47.507063
1.12 47.287447
1.13 47.073236
1.14 46.861539
1.15 46.654375
1.16 46.45021
1.17 46.249581
1.18 46.052518
1.19 45.858766
1.2 45.668326
1.21 45.480451
1.22 45.296475
1.23 45.114682
1.24 44.936517
1.25 44.760923
1.26 44.587864
1.27 44.418232
1.28 44.250512
1.29 44.086045
1.3 43.923646
1.31 43.763807
1.32 43.606374
1.33 43.451452
1.34 43.298841
1.35 43.148113
1.36 43.00017
1.37 42.85369
1.38 42.710102
1.39 42.568171
1.4 42.42818
1.41 42.290521
1.42 42.154492
1.43 42.020648
1.44 41.88839
1.45 41.758096
1.46 41.629426
1.47 41.502706
1.48 41.37768
1.49 41.254131
1.5 41.132534
1.51 41.012006
1.52 40.893811
1.53 40.776727
1.54 40.661175
1.55 40.547208
1.56 40.434659
1.57 40.323628
1.58 40.213833
1.59 40.105593
1.6 39.998458
1.61 39.892904
1.62 39.788602
1.63 39.685498
1.64 39.58378
1.65 39.482936
1.66 39.383881
1.67 39.285655
1.68 39.188655
1.69 39.092792
1.7 38.998085
1.71 38.904508
1.72 38.811942
1.73 38.720556
1.74 38.629953
1.75 38.540745
1.76 38.452375
1.77 38.365014
1.78 38.278664
1.79 38.193126
1.8 38.108833
1.81 38.025253
1.82 37.942672
1.83 37.860933
1.84 37.780118
1.85 37.700185
1.86 37.621097
1.87 37.542906
1.88 37.46528
1.89 37.3889
1.9 37.313078
1.91 37.23811
1.92 37.163888
1.93 37.090411
1.94 37.017816
1.95 36.945661
1.96 36.873714
1.97 36.801823
1.98 36.729933
1.99 36.658044
2 36.586154
2.01 36.514265
2.02 36.442375
2.03 36.370486
2.04 36.298596
2.05 36.226707
2.06 36.154817
2.07 36.082927
2.08 36.011039
2.09 35.939147
2.1 35.867259
2.11 35.795369
2.12 35.723479
2.13 35.651591
2.14 35.5797
2.15 35.507811
2.16 35.435921
2.17 35.364031
2.18 35.292142
2.19 35.220252
2.2 35.148363
2.21 35.076473
2.22 35.004584
2.23 34.932694
2.24 34.860804
2.25 34.788915
2.26 34.717025
2.27 34.645136
2.28 34.573246
2.29 34.501356
2.3 34.429468
2.31 34.357577
2.32 34.285687
2.33 34.213798
2.34 34.141909
2.35 34.070019
2.36 33.998128
2.37 33.92624
2.38 33.85435
2.39 33.782461
2.4 33.710571
2.41 33.638682
2.42 33.566792
2.43 33.494902
2.44 33.423013
2.45 33.351123
2.46 33.279234
2.47 33.207343
2.48 33.135454
2.49 33.063564
2.5 32.989489
2.51 32.891447
2.52 32.791219
2.53 32.692187
2.54 32.59435
2.55 32.496677
2.56 32.401047
2.57 32.30558
2.58 32.211308
2.59 32.118176
2.6 32.02544
2.61 31.934278
2.62 31.843496
2.63 31.75293
2.64 31.662564
2.65 31.573135
2.66 31.486938
2.67 31.401673
2.68 31.316434
2.69 31.231222
2.7 31.146657
2.71 31.065737
2.72 30.985463
2.73 30.906029
2.74 30.827434
2.75 30.748849
2.76 30.671973
2.77 30.595107
2.78 30.5192
2.79 30.444251
2.8 30.369546
2.81 30.296317
2.82 30.223332
2.83 30.151373
2.84 30.080329
2.85 30.009681
2.86 29.940291
2.87 29.871278
2.88 29.803205
2.89 29.736127
2.9 29.66937
2.91 29.603906
2.92 29.538784
2.93 29.474573
2.94 29.411334
2.95 29.348244
2.96 29.286736
2.97 29.225375
2.98 29.164936
2.99 29.10542
3 29.046027
3.01 28.988198
3.02 28.930492
3.03 28.873687
3.04 28.817745
3.05 28.762096
3.06 28.707622
3.07 28.653428
3.08 28.600106
3.09 28.547592
3.1 28.495403
3.11 28.444267
3.12 28.393467
3.13 28.343417
3.14 28.294209
3.15 28.24521
3.16 28.197378
3.17 28.149754
3.18 28.102903
3.19 28.056824
3.2 28.010756
3.21 27.96617
3.22 27.921595
3.23 27.877754
3.24 27.834646
3.25 27.791714
3.26 27.749856
3.27 27.708173
3.28 27.66721
3.29 27.626888
3.3 27.586837
3.31 27.547645
3.32 27.508709
3.33 27.470404
3.34 27.432766
3.35 27.39534
3.36 27.358762
3.37 27.322409
3.38 27.286646
3.39 27.251514
3.4 27.216364
3.41 27.181035
3.42 27.145688
3.43 27.11156
3.44 27.07865
3.45 27.045827
3.46 27.014132
3.47 26.982523
3.48 26.951471
3.49 26.920952
3.5 26.890611
3.51 26.860984
3.52 26.831528
3.53 26.802588
3.54 26.774128
3.55 26.745857
3.56 26.718198
3.57 26.690734
3.58 26.663693
3.59 26.63713
3.6 26.610681
3.61 26.584873
3.62 26.55918
3.63 26.533901
3.64 26.509035
3.65 26.484176
3.66 26.460093
3.67 26.436018
3.68 26.412325
3.69 26.389014
3.7 26.365795
3.71 26.343141
3.72 26.320579
3.73 26.298397
3.74 26.276556
3.75 26.254858
3.76 26.23362
3.77 26.212518
3.78 26.191754
3.79 26.171346
3.8 26.151049
3.81 26.131202
3.82 26.111474
3.83 26.092053
3.84 26.072961
3.85 26.053917
3.86 26.035386
3.87 26.016904
3.88 25.99871
3.89 25.980805
3.9 25.962935
3.91 25.945534
3.92 25.92817
3.93 25.911062
3.94 25.8942
3.95 25.877415
3.96 25.86095
3.97 25.84456
3.98 25.828392
3.99 25.812428
4 25.796542
4.01 25.780905
4.02 25.765345
4.03 25.74995
4.04 25.734737
4.05 25.719565
4.06 25.704622
4.07 25.689719
4.08 25.674948
4.09 25.660309
4.1 25.645672
4.11 25.631245
4.12 25.616821
4.13 25.602476
4.14 25.58821
4.15 25.573957
4.16 25.559776
4.17 25.545608
4.18 25.531453
4.19 25.517308
4.2 25.503155
4.21 25.488962
4.22 25.474758
4.23 25.460474
4.24 25.446107
4.25 25.43169
4.26 25.417077
4.27 25.402408
4.28 25.387516
4.29 25.372386
4.3 25.357199
4.31 25.341426
4.32 25.325597
4.33 25.309264
4.34 25.292426
4.35 25.275497
4.36 25.257332
4.37 25.239075
4.38 25.219853
4.39 25.199701
4.4 25.179157
4.41 25.157001
4.42 25.134466
4.43 25.110592
4.44 25.085482
4.45 25.059886
4.46 25.032731
4.47 25.005087
4.48 24.976522
4.49 24.946922
4.5 24.917134
4.51 24.886305
4.52 24.855287
4.53 24.82381
4.54 24.791876
4.55 24.759935
4.56 24.727467
4.57 24.694993
4.58 24.662381
4.59 24.629629
4.6 24.596866
4.61 24.564027
4.62 24.531176
4.63 24.498335
4.64 24.465505
4.65 24.432692
4.66 24.399946
4.67 24.367219
4.68 24.33457
4.69 24.302001
4.7 24.269465
4.71 24.237062
4.72 24.204695
4.73 24.172436
4.74 24.140293
4.75 24.10817
4.76 24.076255
4.77 24.04436
4.78 24.012597
4.79 23.980965
4.8 23.949349
4.81 23.917974
4.82 23.886616
4.83 23.855401
4.84 23.824323
4.85 23.793294
4.86 23.762461
4.87 23.731675
4.88 23.701038
4.89 23.670541
4.9 23.640102
4.91 23.609852
4.92 23.579662
4.93 23.54961
4.94 23.519714
4.95 23.489858
4.96 23.460224
4.97 23.43063
4.98 23.401187
4.99 23.371896
5 23.34261
5.01 23.313619
5.02 23.284632
5.03 23.255798
5.04 23.227116
5.05 23.198472
5.06 23.170057
5.07 23.14168
5.08 23.113461
5.09 23.085383
5.1 23.057365
5.11 23.029541
5.12 23.001775
5.13 22.974156
5.14 22.94669
5.15 22.919275
5.16 22.892061
5.17 22.864902
5.18 22.837885
5.19 22.811023
5.2 22.784186
5.21 22.757599
5.22 22.731036
5.23 22.704623
5.24 22.678358
5.25 22.652112
5.26 22.626126
5.27 22.600158
5.28 22.574338
5.29 22.548664
5.3 22.523038
5.31 22.497611
5.32 22.47223
5.33 22.446999
5.34 22.421905
5.35 22.396867
5.36 22.372013
5.37 22.347217
5.38 22.322553
5.39 22.298037
5.4 22.273561
5.41 22.249291
5.42 22.225059
5.43 22.200968
5.44 22.177018
5.45 22.153071
5.46 22.129397
5.47 22.105726
5.48 22.082193
5.49 22.058798
5.5 22.035436
5.51 22.012282
5.52 21.989161
5.53 21.966181
5.54 21.943326
5.55 21.920524
5.56 21.897894
5.57 21.875315
5.58 21.852864
5.59 21.830549
5.6 21.808277
5.61 21.78618
5.62 21.76413
5.63 21.742204
5.64 21.720411
5.65 21.69864
5.66 21.677082
5.67 21.655547
5.68 21.634138
5.69 21.612856
5.7 21.59159
5.71 21.570545
5.72 21.549515
5.73 21.528611
5.74 21.507827
5.75 21.487085
5.76 21.46651
5.77 21.445974
5.78 21.425563
5.79 21.405265
5.8 21.385016
5.81 21.364918
5.82 21.344869
5.83 21.324929
5.84 21.305112
5.85 21.285326
5.86 21.265711
5.87 21.246127
5.88 21.22666
5.89 21.207307
5.9 21.187957
5.91 21.168828
5.92 21.149704
5.93 21.130691
5.94 21.111791
5.95 21.092917
5.96 21.074212
5.97 21.055534
5.98 21.036969
5.99 21.018506
6 21.000086
6.01 20.981803
6.02 20.963561
6.03 20.945423
6.04 20.927392
6.05 20.909398
6.06 20.891542
6.07 20.873724
6.08 20.856004
6.09 20.838391
6.1 20.820795
6.11 20.803369
6.12 20.78596
6.13 20.768651
6.14 20.751444
6.15 20.734248
6.16 20.717227
6.17 20.700218
6.18 20.683308
6.19 20.666493
6.2 20.64971
6.21 20.63306
6.22 20.61644
6.23 20.599917
6.24 20.583484
6.25 20.567088
6.26 20.55081
6.27 20.534571
6.28 20.518417
6.29 20.502359
6.3 20.486325
6.31 20.470424
6.32 20.454547
6.33 20.43876
6.34 20.423063
6.35 20.407368
6.36 20.391845
6.37 20.376324
6.38 20.360889
6.39 20.345543
6.4 20.330215
6.41 20.31502
6.42 20.299844
6.43 20.284755
6.44 20.269745
6.45 20.254768
6.46 20.239897
6.47 20.225057
6.48 20.210296
6.49 20.195619
6.5 20.180969
6.51 20.166426
6.52 20.151911
6.53 20.137472
6.54 20.123114
6.55 20.108769
6.56 20.094555
6.57 20.080353
6.58 20.066229
6.59 20.052181
6.6 20.038143
6.61 20.024237
6.62 20.01034
6.63 19.996518
6.64 19.982771
6.65 19.969047
6.66 19.955423
6.67 19.941823
6.68 19.928296
6.69 19.914838
6.7 19.901408
6.71 19.888068
6.72 19.874758
6.73 19.861511
6.74 19.848337
6.75 19.835183
6.76 19.822128
6.77 19.809092
6.78 19.796124
6.79 19.783224
6.8 19.770327
6.81 19.757558
6.82 19.744792
6.83 19.732091
6.84 19.719457
6.85 19.706838
6.86 19.694317
6.87 19.681813
6.88 19.669373
6.89 19.656993
6.9 19.644639
6.91 19.632364
6.92 19.620113
6.93 19.607922
6.94 19.595794
6.95 19.583687
6.96 19.57166
6.97 19.559655
6.98 19.547707
6.99 19.535821
7 19.523943
7.01 19.512141
7.02 19.500379
7.03 19.488671
7.04 19.477012
7.05 19.465389
7.06 19.453821
7.07 19.442294
7.08 19.430808
7.09 19.41938
7.1 19.407989
7.11 19.396637
7.12 19.385339
7.13 19.374081
7.14 19.362864
7.15 19.351698
7.16 19.340568
7.17 19.329481
7.18 19.31844
7.19 19.307439
7.2 19.296483
7.21 19.285569
7.22 19.274689
7.23 19.263859
7.24 19.25307
7.25 19.242314
7.26 19.23161
7.27 19.220938
7.28 19.210306
7.29 19.199722
7.3 19.189171
7.31 19.17866
7.32 19.168191
7.33 19.157758
7.34 19.147367
7.35 19.137015
7.36 19.126695
7.37 19.11642
7.38 19.106181
7.39 19.095976
7.4 19.085818
7.41 19.075691
7.42 19.065599
7.43 19.05555
7.44 19.045535
7.45 19.035555
7.46 19.025617
7.47 19.015706
7.48 19.005837
7.49 18.996006
7.5 18.986204
7.51 18.976444
7.52 18.966716
7.53 18.957019
7.54 18.947367
7.55 18.937744
7.56 18.928152
7.57 18.918602
7.58 18.909082
7.59 18.899596
7.6 18.890147
7.61 18.880728
7.62 18.871343
7.63 18.861994
7.64 18.852674
7.65 18.843392
7.66 18.834143
7.67 18.82492
7.68 18.815737
7.69 18.806586
7.7 18.79746
7.71 18.788378
7.72 18.779318
7.73 18.770292
7.74 18.761305
7.75 18.752342
7.76 18.743412
7.77 18.734515
7.78 18.725647
7.79 18.716815
7.8 18.708012
7.81 18.699235
7.82 18.690495
7.83 18.681784
7.84 18.6731
7.85 18.664456
7.86 18.655835
7.87 18.647243
7.88 18.638687
7.89 18.630158
7.9 18.621658
7.91 18.613192
7.92 18.60475
7.93 18.596342
7.94 18.587965
7.95 18.579612
7.96 18.571295
7.97 18.563004
7.98 18.55474
7.99 18.546514
8 18.538311
8.01 18.530135
8.02 18.521993
8.03 18.513874
8.04 18.505782
8.05 18.497719
8.06 18.489678
8.07 18.481664
8.08 18.473676
8.09 18.465712
8.1 18.457775
8.11 18.449862
8.12 18.441969
8.13 18.434106
8.14 18.426265
8.15 18.418443
8.16 18.410652
8.17 18.402877
8.18 18.395126
8.19 18.387401
8.2 18.379694
8.21 18.372009
8.22 18.364345
8.23 18.356701
8.24 18.34908
8.25 18.341479
8.26 18.333893
8.27 18.326331
8.28 18.318787
8.29 18.31126
8.3 18.303754
8.31 18.296263
8.32 18.288788
8.33 18.281333
8.34 18.273893
8.35 18.266468
8.36 18.259061
8.37 18.251665
8.38 18.244286
8.39 18.236922
8.4 18.229568
8.41 18.22223
8.42 18.214902
8.43 18.207586
8.44 18.200283
8.45 18.192989
8.46 18.185704
8.47 18.178429
8.48 18.171164
8.49 18.163906
8.5 18.156656
8.51 18.149412
8.52 18.142173
8.53 18.13494
8.54 18.127712
8.55 18.120487
8.56 18.113265
8.57 18.106044
8.58 18.098824
8.59 18.091607
8.6 18.084388
8.61 18.077168
8.62 18.069944
8.63 18.062719
8.64 18.05549
8.65 18.048255
8.66 18.041015
8.67 18.033765
8.68 18.026512
8.69 18.019247
8.7 18.011973
8.71 18.00469
8.72 17.99739
8.73 17.99008
8.74 17.982761
8.75 17.975421
8.76 17.968068
8.77 17.960699
8.78 17.953308
8.79 17.945905
8.8 17.938482
8.81 17.931036
8.82 17.923573
8.83 17.916086
8.84 17.908579
8.85 17.901053
8.86 17.8935
8.87 17.885923
8.88 17.878333
8.89 17.870711
8.9 17.863069
8.91 17.855409
8.92 17.847718
8.93 17.840015
8.94 17.832291
8.95 17.824542
8.96 17.81678
8.97 17.808998
8.98 17.801199
8.99 17.793393
9 17.785571
9.01 17.777739
9.02 17.769903
9.03 17.762057
9.04 17.754212
9.05 17.746368
9.06 17.738525
9.07 17.730689
9.08 17.722861
9.09 17.715048
9.1 17.707248
9.11 17.699466
9.12 17.691707
9.13 17.683969
9.14 17.676261
9.15 17.668584
9.16 17.660934
9.17 17.653329
9.18 17.645758
9.19 17.638221
9.2 17.630738
9.21 17.623294
9.22 17.615894
9.23 17.608551
9.24 17.601249
9.25 17.593999
9.26 17.586808
9.27 17.579662
9.28 17.572574
9.29 17.56554
9.3 17.558554
9.31 17.551632
9.32 17.544763
9.33 17.537937
9.34 17.531182
9.35 17.524474
9.36 17.517813
9.37 17.511219
9.38 17.504666
9.39 17.498165
9.4 17.491722
9.41 17.485323
9.42 17.478976
9.43 17.472679
9.44 17.466421
9.45 17.460219
9.46 17.45406
9.47 17.447938
9.48 17.44187
9.49 17.435839
9.5 17.429845
9.51 17.423901
9.52 17.41799
9.53 17.412116
9.54 17.406284
9.55 17.400484
9.56 17.39472
9.57 17.388994
9.58 17.383296
9.59 17.377635
9.6 17.372004
9.61 17.366402
9.62 17.360834
9.63 17.355293
9.64 17.349778
9.65 17.344296
9.66 17.338838
9.67 17.333405
9.68 17.328
9.69 17.322619
9.7 17.317261
9.71 17.311929
9.72 17.306618
9.73 17.301329
9.74 17.296064
9.75 17.290818
9.76 17.285596
9.77 17.280392
9.78 17.275206
9.79 17.270044
9.8 17.264899
9.81 17.25977
9.82 17.254663
9.83 17.249571
9.84 17.244496
9.85 17.23944
9.86 17.234399
9.87 17.229374
9.88 17.224366
9.89 17.219372
9.9 17.214394
9.91 17.209431
9.92 17.204482
9.93 17.199548
9.94 17.194628
9.95 17.189721
9.96 17.184829
9.97 17.179949
9.98 17.175082
9.99 17.170229
10 17.165383
10.01 17.160541
10.02 17.155703
10.03 17.150869
10.04 17.146039
10.05 17.141213
10.06 17.136391
10.07 17.131574
10.08 17.126762
10.09 17.121954
10.1 17.117151
10.11 17.112353
10.12 17.107559
10.13 17.102772
10.14 17.097988
10.15 17.093211
10.16 17.088438
10.17 17.08367
10.18 17.078908
10.19 17.074152
10.2 17.069401
10.21 17.064656
10.22 17.059917
10.23 17.055183
10.24 17.050455
10.25 17.045733
10.26 17.041016
10.27 17.036307
10.28 17.031602
10.29 17.026904
10.3 17.022212
10.31 17.017527
10.32 17.012847
10.33 17.008173
10.34 17.003505
10.35 16.998844
10.36 16.99419
10.37 16.989541
10.38 16.984899
10.39 16.980264
10.4 16.975634
10.41 16.971013
10.42 16.966395
10.43 16.961785
10.44 16.957182
10.45 16.952584
10.46 16.947994
10.47 16.943411
10.48 16.938833
10.49 16.934263
10.5 16.929699
10.51 16.925141
10.52 16.920591
10.53 16.916047
10.54 16.911509
10.55 16.90698
10.56 16.902456
10.57 16.897938
10.58 16.893428
10.59 16.888924
10.6 16.884427
10.61 16.879936
10.62 16.875452
10.63 16.870975
10.64 16.866505
10.65 16.862041
10.66 16.857584
10.67 16.853135
10.68 16.848691
10.69 16.844256
10.7 16.839826
10.71 16.835401
10.72 16.830986
10.73 16.826576
10.74 16.822174
10.75 16.817778
10.76 16.813388
10.77 16.809006
10.78 16.80463
10.79 16.800261
10.8 16.795899
10.81 16.791544
10.82 16.787194
10.83 16.782853
10.84 16.778517
10.85 16.774188
10.86 16.769867
10.87 16.765552
10.88 16.761242
10.89 16.756941
10.9 16.752646
10.91 16.748358
10.92 16.744076
10.93 16.739802
10.94 16.735533
10.95 16.731272
10.96 16.727016
10.97 16.722769
10.98 16.718527
10.99 16.714291
11 16.710064
11.01 16.705842
11.02 16.701626
11.03 16.697418
11.04 16.693215
11.05 16.689021
11.06 16.684832
11.07 16.68065
11.08 16.676474
11.09 16.672306
11.1 16.668143
11.11 16.663987
11.12 16.659837
11.13 16.655695
11.14 16.651558
11.15 16.647429
11.16 16.643305
11.17 16.639189
11.18 16.635077
11.19 16.630973
11.2 16.626877
11.21 16.622786
11.22 16.618701
11.23 16.614623
11.24 16.610551
11.25 16.606486
11.26 16.602428
11.27 16.598374
11.28 16.594329
11.29 16.590289
11.3 16.586254
11.31 16.582228
11.32 16.578207
11.33 16.574192
11.34 16.570185
11.35 16.566182
11.36 16.562187
11.37 16.558198
11.38 16.554215
11.39 16.550239
11.4 16.546268
11.41 16.542303
11.42 16.538346
11.43 16.534393
11.44 16.530447
11.45 16.526509
11.46 16.522575
11.47 16.518648
11.48 16.514727
11.49 16.510812
11.5 16.506904
11.51 16.503001
11.52 16.499104
11.53 16.495213
11.54 16.49133
11.55 16.487452
11.56 16.48358
11.57 16.479714
11.58 16.475852
11.59 16.472
11.6 16.468152
11.61 16.46431
11.62 16.460474
11.63 16.456643
11.64 16.45282
11.65 16.449002
11.66 16.445188
11.67 16.441383
11.68 16.437583
11.69 16.433788
11.7 16.43
11.71 16.426218
11.72 16.42244
11.73 16.41867
11.74 16.414906
11.75 16.411145
11.76 16.407392
11.77 16.403645
11.78 16.399903
11.79 16.396168
11.8 16.392437
11.81 16.388712
11.82 16.384995
11.83 16.381281
11.84 16.377575
11.85 16.373874
11.86 16.370178
11.87 16.366488
11.88 16.362804
11.89 16.359125
11.9 16.355452
11.91 16.351786
11.92 16.348123
11.93 16.344468
11.94 16.340818
11.95 16.337173
11.96 16.333535
11.97 16.329901
11.98 16.326273
11.99 16.322651
12 16.319033
12.01 16.315422
12.02 16.311817
12.03 16.308216
12.04 16.304622
12.05 16.301033
12.06 16.297449
12.07 16.293871
12.08 16.290298
12.09 16.286731
12.1 16.28317
12.11 16.279613
12.12 16.276062
12.13 16.272517
12.14 16.268977
12.15 16.265442
12.16 16.261913
12.17 16.258388
12.18 16.25487
12.19 16.251357
12.2 16.247848
12.21 16.244346
12.22 16.240848
12.23 16.237356
12.24 16.23387
12.25 16.230389
12.26 16.226912
12.27 16.223442
12.28 16.219975
12.29 16.216515
12.3 16.21306
12.31 16.209609
12.32 16.206165
12.33 16.202726
12.34 16.19929
12.35 16.195862
12.36 16.192438
12.37 16.189018
12.38 16.185605
12.39 16.182197
12.4 16.178793
12.41 16.175395
12.42 16.172001
12.43 16.168613
12.44 16.16523
12.45 16.161851
12.46 16.158478
12.47 16.155111
12.48 16.151747
12.49 16.14839
12.5 16.145036
12.51 16.141689
12.52 16.138346
12.53 16.135008
12.54 16.131675
12.55 16.128347
12.56 16.125024
12.57 16.121705
12.58 16.118393
12.59 16.115083
12.6 16.111781
12.61 16.108483
12.62 16.105188
12.63 16.1019
12.64 16.098617
12.65 16.095337
12.66 16.092063
12.67 16.088794
12.68 16.085529
12.69 16.08227
12.7 16.079014
12.71 16.075765
12.72 16.07252
12.73 16.06928
12.74 16.066044
12.75 16.062813
12.76 16.059586
12.77 16.056365
12.78 16.053148
12.79 16.049936
12.8 16.046729
12.81 16.043526
12.82 16.040328
12.83 16.037136
12.84 16.033947
12.85 16.030763
12.86 16.027585
12.87 16.024409
12.88 16.02124
12.89 16.018075
12.9 16.014913
12.91 16.011758
12.92 16.008607
12.93 16.005459
12.94 16.002318
12.95 15.99918
12.96 15.996046
12.97 15.992918
12.98 15.989793
12.99 15.986674
13 15.983559
13.01 15.980449
13.02 15.977342
13.03 15.974241
13.04 15.971144
13.05 15.968052
13.06 15.964964
13.07 15.961879
13.08 15.958801
13.09 15.955726
13.1 15.952655
13.11 15.94959
13.12 15.946529
13.13 15.943472
13.14 15.940419
13.15 15.93737
13.16 15.934326
13.17 15.931286
13.18 15.928251
13.19 15.925221
13.2 15.922195
13.21 15.919173
13.22 15.916154
13.23 15.913141
13.24 15.910131
13.25 15.907127
13.26 15.904126
13.27 15.90113
13.28 15.898138
13.29 15.89515
13.3 15.892166
13.31 15.889187
13.32 15.886211
13.33 15.88324
13.34 15.880275
13.35 15.877311
13.36 15.874353
13.37 15.8714
13.38 15.868449
13.39 15.865504
13.4 15.862563
13.41 15.859625
13.42 15.856692
13.43 15.853764
13.44 15.850838
13.45 15.847917
13.46 15.845
13.47 15.842088
13.48 15.839179
13.49 15.836275
13.5 15.833375
13.51 15.830479
13.52 15.827586
13.53 15.824699
13.54 15.821815
13.55 15.818934
13.56 15.816059
13.57 15.813187
13.58 15.810318
13.59 15.807456
13.6 15.804596
13.61 15.80174
13.62 15.798888
13.63 15.796039
13.64 15.793195
13.65 15.790356
13.66 15.787519
13.67 15.784688
13.68 15.78186
13.69 15.779035
13.7 15.776215
13.71 15.773399
13.72 15.770586
13.73 15.767778
13.74 15.764973
13.75 15.762173
13.76 15.759376
13.77 15.756582
13.78 15.753794
13.79 15.751008
13.8 15.748226
13.81 15.745449
13.82 15.742675
13.83 15.739905
13.84 15.737139
13.85 15.734377
13.86 15.731619
13.87 15.728864
13.88 15.726113
13.89 15.723365
13.9 15.720622
13.91 15.717882
13.92 15.715146
13.93 15.712414
13.94 15.709686
13.95 15.706961
13.96 15.70424
13.97 15.701523
13.98 15.69881
13.99 15.6961
14 15.693394
14.01 15.690694
14.02 15.687994
14.03 15.685299
14.04 15.682609
14.05 15.67992
14.06 15.677237
14.07 15.674556
14.08 15.671879
14.09 15.669207
14.1 15.666536
14.11 15.663872
14.12 15.661208
14.13 15.65855
14.14 15.655896
14.15 15.653243
14.16 15.650597
14.17 15.647951
14.18 15.64531
14.19 15.642674
14.2 15.640039
14.21 15.637411
14.22 15.634783
14.23 15.63216
14.24 15.629542
14.25 15.626924
14.26 15.624313
14.27 15.621703
14.28 15.619098
14.29 15.616496
14.3 15.613897
14.31 15.611304
14.32 15.608711
14.33 15.606123
14.34 15.60354
14.35 15.600957
14.36 15.598381
14.37 15.595806
14.38 15.593235
14.39 15.590669
14.4 15.588103
14.41 15.585544
14.42 15.582986
14.43 15.580433
14.44 15.577883
14.45 15.575334
14.46 15.572793
14.47 15.570252
14.48 15.567715
14.49 15.565182
14.5 15.56265
14.51 15.560126
14.52 15.557602
14.53 15.555082
14.54 15.552566
14.55 15.550051
14.56 15.547542
14.57 15.545035
14.58 15.542532
14.59 15.540032
14.6 15.537534
14.61 15.535042
14.62 15.532551
14.63 15.530064
14.64 15.527581
14.65 15.525099
14.66 15.522623
14.67 15.520148
14.68 15.517677
14.69 15.515211
14.7 15.512745
14.71 15.510286
14.72 15.507827
14.73 15.505372
14.74 15.502922
14.75 15.500472
14.76 15.498029
14.77 15.495586
14.78 15.493147
14.79 15.490713
14.8 15.48828
14.81 15.485852
14.82 15.483425
14.83 15.481002
14.84 15.478583
14.85 15.476165
14.86 15.473754
14.87 15.471342
14.88 15.468935
14.89 15.466532
14.9 15.464129
14.91 15.461733
14.92 15.459337
14.93 15.456946
14.94 15.454558
14.95 15.452171
14.96 15.44979
14.97 15.44741
14.98 15.445035
14.99 15.442663
15 15.440222
15.01 15.437704
15.02 15.435287
15.03 15.432876
15.04 15.430468
15.05 15.428064
15.06 15.425664
15.07 15.423265
15.08 15.42087
15.09 15.418479
15.1 15.416091
15.11 15.413705
15.12 15.411324
15.13 15.408945
15.14 15.406569
15.15 15.404196
15.16 15.401826
15.17 15.39946
15.18 15.397096
15.19 15.394736
15.2 15.392379
15.21 15.390025
15.22 15.387674
15.23 15.385327
15.24 15.382983
15.25 15.38064
15.26 15.378302
15.27 15.375966
15.28 15.373634
15.29 15.371304
15.3 15.368978
15.31 15.366655
15.32 15.364334
15.33 15.362017
15.34 15.359703
15.35 15.357392
15.36 15.355084
15.37 15.352779
15.38 15.350476
15.39 15.348177
15.4 15.34588
15.41 15.343587
15.42 15.341297
15.43 15.339011
15.44 15.336725
15.45 15.334444
15.46 15.332165
15.47 15.32989
15.48 15.327617
15.49 15.325348
15.5 15.323082
15.51 15.320818
15.52 15.318557
15.53 15.316299
15.54 15.314044
15.55 15.311791
15.56 15.309542
15.57 15.307296
15.58 15.305052
15.59 15.302812
15.6 15.300574
15.61 15.29834
15.62 15.296108
15.63 15.293878
15.64 15.291652
15.65 15.289429
15.66 15.287208
15.67 15.284991
15.68 15.282775
15.69 15.280563
15.7 15.278354
15.71 15.276147
15.72 15.273944
15.73 15.271743
15.74 15.269545
15.75 15.26735
15.76 15.265157
15.77 15.262967
15.78 15.26078
15.79 15.258596
15.8 15.256415
15.81 15.254236
15.82 15.25206
15.83 15.249887
15.84 15.247717
15.85 15.245549
15.86 15.243384
15.87 15.241222
15.88 15.239062
15.89 15.236906
15.9 15.234752
15.91 15.2326
15.92 15.230452
15.93 15.228306
15.94 15.226163
15.95 15.224022
15.96 15.221884
15.97 15.219749
15.98 15.217617
15.99 15.215487
16 15.213359
16.01 15.211236
16.02 15.209113
16.03 15.206994
16.04 15.204878
16.05 15.202763
16.06 15.200652
16.07 15.198543
16.08 15.196437
16.09 15.194334
16.1 15.192233
16.11 15.190135
16.12 15.188039
16.13 15.185946
16.14 15.183855
16.15 15.181768
16.16 15.179682
16.17 15.1776
16.18 15.175519
16.19 15.173442
16.2 15.171367
16.21 15.169295
16.22 15.167225
16.23 15.165157
16.24 15.163093
16.25 15.161031
16.26 15.158971
16.27 15.156914
16.28 15.154859
16.29 15.152807
16.3 15.150757
16.31 15.14871
16.32 15.146666
16.33 15.144624
16.34 15.142585
16.35 15.140547
16.36 15.138512
16.37 15.13648
16.38 15.134451
16.39 15.132424
16.4 15.130399
16.41 15.128378
16.42 15.126358
16.43 15.12434
16.44 15.122325
16.45 15.120313
16.46 15.118303
16.47 15.116295
16.48 15.114291
16.49 15.112288
16.5 15.110287
16.51 15.10829
16.52 15.106295
16.53 15.104301
16.54 15.102311
16.55 15.100323
16.56 15.098337
16.57 15.096354
16.58 15.094373
16.59 15.092394
16.6 15.090418
16.61 15.088444
16.62 15.086473
16.63 15.084504
16.64 15.082537
16.65 15.080573
16.66 15.078612
16.67 15.076651
16.68 15.074694
16.69 15.072739
16.7 15.070787
16.71 15.068837
16.72 15.066889
16.73 15.064943
16.74 15.063
16.75 15.061059
16.76 15.05912
16.77 15.057184
16.78 15.05525
16.79 15.053318
16.8 15.051389
16.81 15.049462
16.82 15.047537
16.83 15.045615
16.84 15.043695
16.85 15.041777
16.86 15.039861
16.87 15.037948
16.88 15.036036
16.89 15.034128
16.9 15.032221
16.91 15.030317
16.92 15.028415
16.93 15.026515
16.94 15.024617
16.95 15.022722
16.96 15.020829
16.97 15.018938
16.98 15.017049
16.99 15.015163
17 15.013279
17.01 15.011396
17.02 15.009517
17.03 15.007639
17.04 15.005764
17.05 15.003891
17.06 15.00202
17.07 15.000151
17.08 14.998285
17.09 14.99642
17.1 14.994557
17.11 14.992697
17.12 14.990839
17.13 14.988984
17.14 14.98713
17.15 14.985279
17.16 14.98343
17.17 14.981582
17.18 14.979738
17.19 14.977895
17.2 14.976054
17.21 14.974216
17.22 14.972379
17.23 14.970545
17.24 14.968713
17.25 14.966883
17.26 14.965055
17.27 14.963229
17.28 14.961406
17.29 14.959584
17.3 14.957765
17.31 14.955947
17.32 14.954132
17.33 14.952319
17.34 14.950508
17.35 14.948699
17.36 14.946892
17.37 14.945087
17.38 14.943285
17.39 14.941484
17.4 14.939685
17.41 14.937889
17.42 14.936095
17.43 14.934302
17.44 14.932512
17.45 14.930724
17.46 14.928937
17.47 14.927153
17.48 14.925371
17.49 14.923591
17.5 14.921813
17.51 14.920037
17.52 14.918263
17.53 14.916491
17.54 14.914721
17.55 14.912953
17.56 14.911187
17.57 14.909423
17.58 14.907661
17.59 14.905901
17.6 14.904144
17.61 14.902388
17.62 14.900634
17.63 14.898882
17.64 14.897132
17.65 14.895384
17.66 14.893638
17.67 14.891894
17.68 14.890152
17.69 14.888411
17.7 14.886673
17.71 14.884937
17.72 14.883203
17.73 14.881472
17.74 14.879742
17.75 14.878013
17.76 14.876286
17.77 14.874562
17.78 14.872839
17.79 14.871119
17.8 14.8694
17.81 14.867683
17.82 14.865969
17.83 14.864256
17.84 14.862545
17.85 14.860836
17.86 14.859129
17.87 14.857424
17.88 14.85572
17.89 14.854019
17.9 14.85232
17.91 14.850622
17.92 14.848926
17.93 14.847233
17.94 14.845541
17.95 14.84385
17.96 14.842163
17.97 14.840476
17.98 14.838792
17.99 14.837109
18 14.835429
18.01 14.83375
18.02 14.832073
18.03 14.830398
18.04 14.828725
18.05 14.827054
18.06 14.825384
18.07 14.823717
18.08 14.822051
18.09 14.820388
18.1 14.818725
18.11 14.817064
18.12 14.815406
18.13 14.813749
18.14 14.812095
18.15 14.810442
18.16 14.808791
18.17 14.807141
18.18 14.805494
18.19 14.803848
18.2 14.802204
18.21 14.800562
18.22 14.798923
18.23 14.797283
18.24 14.795647
18.25 14.794012
18.26 14.792379
18.27 14.790747
18.28 14.789118
18.29 14.787491
18.3 14.785864
18.31 14.78424
18.32 14.782618
18.33 14.780997
18.34 14.779378
18.35 14.777761
18.36 14.776146
18.37 14.774532
18.38 14.77292
18.39 14.77131
18.4 14.769702
18.41 14.768095
18.42 14.76649
18.43 14.764887
18.44 14.763286
18.45 14.761686
18.46 14.760089
18.47 14.758492
18.48 14.756898
18.49 14.755305
18.5 14.753714
18.51 14.752125
18.52 14.750537
18.53 14.748951
18.54 14.747367
18.55 14.745785
18.56 14.744204
18.57 14.742625
18.58 14.741048
18.59 14.739472
18.6 14.737899
18.61 14.736326
18.62 14.734756
18.63 14.733187
18.64 14.73162
18.65 14.730054
18.66 14.72849
18.67 14.726928
18.68 14.725368
18.69 14.723809
18.7 14.722252
18.71 14.720696
18.72 14.719142
18.73 14.71759
18.74 14.71604
18.75 14.714491
18.76 14.712944
18.77 14.711399
18.78 14.709854
18.79 14.708312
18.8 14.706772
18.81 14.705233
18.82 14.703695
18.83 14.70216
18.84 14.700626
18.85 14.699093
18.86 14.697562
18.87 14.696033
18.88 14.694506
18.89 14.69298
18.9 14.691456
18.91 14.689933
18.92 14.688411
18.93 14.686892
18.94 14.685374
18.95 14.683858
18.96 14.682343
18.97 14.68083
18.98 14.679318
18.99 14.677809
19 14.676301
19.01 14.674794
19.02 14.673288
19.03 14.671785
19.04 14.670283
19.05 14.668782
19.06 14.667283
19.07 14.665786
19.08 14.664291
19.09 14.662796
19.1 14.661304
19.11 14.659813
19.12 14.658323
19.13 14.656835
19.14 14.655349
19.15 14.653864
19.16 14.652381
19.17 14.650899
19.18 14.649419
19.19 14.647941
19.2 14.646464
19.21 14.644988
19.22 14.643514
19.23 14.642042
19.24 14.640571
19.25 14.639102
19.26 14.637634
19.27 14.636167
19.28 14.634702
19.29 14.633239
19.3 14.631778
19.31 14.630317
19.32 14.628858
19.33 14.627401
19.34 14.625945
19.35 14.624491
19.36 14.623038
19.37 14.621587
19.38 14.620137
19.39 14.618689
19.4 14.617242
19.41 14.615797
19.42 14.614354
19.43 14.612911
19.44 14.61147
19.45 14.610031
19.46 14.608593
19.47 14.607157
19.48 14.605722
19.49 14.604288
19.5 14.602856
19.51 14.601426
19.52 14.599997
19.53 14.598569
19.54 14.597143
19.55 14.595719
19.56 14.594295
19.57 14.592873
19.58 14.591453
19.59 14.590035
19.6 14.588617
19.61 14.587202
19.62 14.585787
19.63 14.584374
19.64 14.582963
19.65 14.581552
19.66 14.580143
19.67 14.578736
19.68 14.57733
19.69 14.575925
19.7 14.574522
19.71 14.573121
19.72 14.571721
19.73 14.570322
19.74 14.568925
19.75 14.567529
19.76 14.566134
19.77 14.564741
19.78 14.563349
19.79 14.561959
19.8 14.56057
19.81 14.559183
19.82 14.557797
19.83 14.556412
19.84 14.555029
19.85 14.553647
19.86 14.552266
19.87 14.550887
19.88 14.54951
19.89 14.548133
19.9 14.546758
19.91 14.545385
19.92 14.544012
19.93 14.542642
19.94 14.541272
19.95 14.539904
19.96 14.538537
19.97 14.537173
19.98 14.535808
19.99 14.534445
20 14.533065
20.01 14.531665
20.02 14.530265
20.03 14.528865
20.04 14.527465
20.05 14.526065
20.06 14.524665
20.07 14.523265
20.08 14.521865
20.09 14.520465
20.1 14.519065
20.11 14.517665
20.12 14.516265
20.13 14.514865
20.14 14.513465
20.15 14.512065
20.16 14.510665
20.17 14.509265
20.18 14.507865
20.19 14.506465
20.2 14.505065
20.21 14.503665
20.22 14.502265
20.23 14.500865
20.24 14.499465
20.25 14.498065
20.26 14.496665
20.27 14.495265
20.28 14.493865
20.29 14.492465
20.3 14.491065
20.31 14.489665
20.32 14.488265
20.33 14.486865
20.34 14.485465
20.35 14.484065
20.36 14.482665
20.37 14.481265
20.38 14.479865
20.39 14.478465
20.4 14.477065
20.41 14.475665
20.42 14.474265
20.43 14.472865
20.44 14.471465
20.45 14.470065
20.46 14.468665
20.47 14.467265
20.48 14.465865
20.49 14.464465
20.5 14.463065
20.51 14.461665
20.52 14.460265
20.53 14.458865
20.54 14.457465
20.55 14.456065
20.56 14.454665
20.57 14.453265
20.58 14.451865
20.59 14.450465
20.6 14.449065
20.61 14.447665
20.62 14.446265
20.63 14.444865
20.64 14.443465
20.65 14.442065
20.66 14.440665
20.67 14.439265
20.68 14.437865
20.69 14.436465
20.7 14.435065
20.71 14.433665
20.72 14.432265
20.73 14.430865
20.74 14.429465
20.75 14.428065
20.76 14.426665
20.77 14.425265
20.78 14.423865
20.79 14.422465
20.8 14.421065
20.81 14.419665
20.82 14.418265
20.83 14.416865
20.84 14.415465
20.85 14.414065
20.86 14.412665
20.87 14.411265
20.88 14.409865
20.89 14.408465
20.9 14.407065
20.91 14.405665
20.92 14.404265
20.93 14.402865
20.94 14.401465
20.95 14.400065
20.96 14.398665
20.97 14.397265
20.98 14.395865
20.99 14.394465
21 14.393065
21.01 14.391665
21.02 14.390265
21.03 14.388865
21.04 14.387465
21.05 14.386065
21.06 14.384665
21.07 14.383265
21.08 14.381865
21.09 14.380465
21.1 14.379065
21.11 14.377665
21.12 14.376265
21.13 14.374865
21.14 14.373465
21.15 14.372065
21.16 14.370665
21.17 14.369265
21.18 14.367865
21.19 14.366465
21.2 14.365065
21.21 14.363665
21.22 14.362265
21.23 14.360865
21.24 14.359465
21.25 14.358065
21.26 14.356665
21.27 14.355265
21.28 14.353865
21.29 14.352465
21.3 14.351065
21.31 14.349665
21.32 14.348265
21.33 14.346865
21.34 14.345465
21.35 14.344065
21.36 14.342665
21.37 14.341265
21.38 14.339865
21.39 14.338465
21.4 14.337065
21.41 14.335665
21.42 14.334265
21.43 14.332865
21.44 14.331465
21.45 14.330065
21.46 14.328665
21.47 14.327265
21.48 14.325865
21.49 14.324465
21.5 14.323065
21.51 14.321665
21.52 14.320265
21.53 14.318865
21.54 14.317465
21.55 14.316065
21.56 14.314665
21.57 14.313265
21.58 14.311865
21.59 14.310465
21.6 14.309065
21.61 14.307665
21.62 14.306265
21.63 14.304865
21.64 14.303465
21.65 14.302065
21.66 14.300665
21.67 14.299265
21.68 14.297865
21.69 14.296465
21.7 14.295065
21.71 14.293665
21.72 14.292265
21.73 14.290865
21.74 14.289465
21.75 14.288065
21.76 14.286665
21.77 14.285265
21.78 14.283865
21.79 14.282465
21.8 14.281065
21.81 14.279665
21.82 14.278265
21.83 14.276865
21.84 14.275465
21.85 14.274065
21.86 14.272665
21.87 14.271265
21.88 14.269865
21.89 14.268465
21.9 14.267065
21.91 14.265665
21.92 14.264265
21.93 14.262865
21.94 14.261465
21.95 14.260065
21.96 14.258665
21.97 14.257265
21.98 14.255865
21.99 14.254465
22 14.253065
22.01 14.251665
22.02 14.250265
22.03 14.248865
22.04 14.247465
22.05 14.246065
22.06 14.244665
22.07 14.243265
22.08 14.241865
22.09 14.240465
22.1 14.239065
22.11 14.237665
22.12 14.236265
22.13 14.234865
22.14 14.233465
22.15 14.232065
22.16 14.230665
22.17 14.229265
22.18 14.227865
22.19 14.226465
22.2 14.225065
22.21 14.223665
22.22 14.222265
22.23 14.220865
22.24 14.219465
22.25 14.218065
22.26 14.216665
22.27 14.215265
22.28 14.213865
22.29 14.212465
22.3 14.211065
22.31 14.209665
22.32 14.208265
22.33 14.206865
22.34 14.205465
22.35 14.204065
22.36 14.202665
22.37 14.201265
22.38 14.199865
22.39 14.198465
22.4 14.197065
22.41 14.195665
22.42 14.194265
22.43 14.192865
22.44 14.191465
22.45 14.190065
22.46 14.188665
22.47 14.187265
22.48 14.185865
22.49 14.184465
22.5 14.183065
22.51 14.181665
22.52 14.180265
22.53 14.178865
22.54 14.177465
22.55 14.176065
22.56 14.174665
22.57 14.173265
22.58 14.171865
22.59 14.170465
22.6 14.169065
22.61 14.167665
22.62 14.166265
22.63 14.164865
22.64 14.163465
22.65 14.162065
22.66 14.160665
22.67 14.159265
22.68 14.157865
22.69 14.156465
22.7 14.155065
22.71 14.153665
22.72 14.152265
22.73 14.150865
22.74 14.149465
22.75 14.148065
22.76 14.146665
22.77 14.145265
22.78 14.143865
22.79 14.142465
22.8 14.141065
22.81 14.139665
22.82 14.138265
22.83 14.136865
22.84 14.135465
22.85 14.134065
22.86 14.132665
22.87 14.131265
22.88 14.129865
22.89 14.128465
22.9 14.127065
22.91 14.125665
22.92 14.124265
22.93 14.122865
22.94 14.121465
22.95 14.120065
22.96 14.118665
22.97 14.117265
22.98 14.115865
22.99 14.114465
23 14.113065
23.01 14.111665
23.02 14.110265
23.03 14.108865
23.04 14.107465
23.05 14.106065
23.06 14.104665
23.07 14.103265
23.08 14.101865
23.09 14.100465
23.1 14.099065
23.11 14.097665
23.12 14.096265
23.13 14.094865
23.14 14.093465
23.15 14.092065
23.16 14.090665
23.17 14.089265
23.18 14.087865
23.19 14.086465
23.2 14.085065
23.21 14.083665
23.22 14.082265
23.23 14.080865
23.24 14.079465
23.25 14.078065
23.26 14.076665
23.27 14.075265
23.28 14.073865
23.29 14.072465
23.3 14.071065
23.31 14.069665
23.32 14.068265
23.33 14.066865
23.34 14.065465
23.35 14.064065
23.36 14.062665
23.37 14.061265
23.38 14.059865
23.39 14.058465
23.4 14.057065
23.41 14.055665
23.42 14.054265
23.43 14.052865
23.44 14.051465
23.45 14.050065
23.46 14.048665
23.47 14.047265
23.48 14.045865
23.49 14.044465
23.5 14.043065
23.51 14.041665
23.52 14.040265
23.53 14.038865
23.54 14.037465
23.55 14.036065
23.56 14.034665
23.57 14.033265
23.58 14.031865
23.59 14.030465
23.6 14.029065
23.61 14.027665
23.62 14.026265
23.63 14.024865
23.64 14.023465
23.65 14.022065
23.66 14.020665
23.67 14.019265
23.68 14.017865
23.69 14.016465
23.7 14.015065
23.71 14.013665
23.72 14.012265
23.73 14.010865
23.74 14.009465
23.75 14.008065
23.76 14.006665
23.77 14.005265
23.78 14.003865
23.79 14.002465
23.8 14.001065
23.81 13.999665
23.82 13.998265
23.83 13.996865
23.84 13.995465
23.85 13.994065
23.86 13.992665
23.87 13.991265
23.88 13.989865
23.89 13.988465
23.9 13.987065
23.91 13.985665
23.92 13.984265
23.93 13.982865
23.94 13.981465
23.95 13.980065
23.96 13.978665
23.97 13.977265
23.98 13.975865
23.99 13.974465
24 13.973065
24.01 13.971665
24.02 13.970265
24.03 13.968865
24.04 13.967465
24.05 13.966065
24.06 13.964665
24.07 13.963265
24.08 13.961865
24.09 13.960465
24.1 13.959065
24.11 13.957665
24.12 13.956265
24.13 13.954865
24.14 13.953465
24.15 13.952065
24.16 13.950665
24.17 13.949265
24.18 13.947865
24.19 13.946465
24.2 13.945065
24.21 13.943665
24.22 13.942265
24.23 13.940865
24.24 13.939465
24.25 13.938065
24.26 13.936665
24.27 13.935265
24.28 13.933865
24.29 13.932465
24.3 13.931065
24.31 13.929665
24.32 13.928265
24.33 13.926865
24.34 13.925465
24.35 13.924065
24.36 13.922665
24.37 13.921265
24.38 13.919865
24.39 13.918465
24.4 13.917065
24.41 13.915665
24.42 13.914265
24.43 13.912865
24.44 13.911465
24.45 13.910065
24.46 13.908665
24.47 13.907265
24.48 13.905865
24.49 13.904465
24.5 13.903065
24.51 13.901665
24.52 13.900265
24.53 13.898865
24.54 13.897465
24.55 13.896065
24.56 13.894665
24.57 13.893265
24.58 13.891865
24.59 13.890465
24.6 13.889065
24.61 13.887665
24.62 13.886265
24.63 13.884865
24.64 13.883465
24.65 13.882065
24.66 13.880665
24.67 13.879265
24.68 13.877865
24.69 13.876465
24.7 13.875065
24.71 13.873665
24.72 13.872265
24.73 13.870865
24.74 13.869465
24.75 13.868065
24.76 13.866665
24.77 13.865265
24.78 13.863865
24.79 13.862465
24.8 13.861065
24.81 13.859665
24.82 13.858265
24.83 13.856865
24.84 13.855465
24.85 13.854065
24.86 13.852665
24.87 13.851265
24.88 13.849865
24.89 13.848465
24.9 13.847065
24.91 13.845665
24.92 13.844265
24.93 13.842865
24.94 13.841465
24.95 13.840065
24.96 13.838665
24.97 13.837265
24.98 13.835865
24.99 13.834465
25 13.833065
25.01 13.831665
25.02 13.830265
25.03 13.828865
25.04 13.827465
25.05 13.826065
25.06 13.824665
25.07 13.823265
25.08 13.821865
25.09 13.820465
25.1 13.819065
25.11 13.817665
25.12 13.816265
25.13 13.814865
25.14 13.813465
25.15 13.812065
25.16 13.810665
25.17 13.809265
25.18 13.807865
25.19 13.806465
25.2 13.805065
25.21 13.803665
25.22 13.802265
25.23 13.800865
25.24 13.799465
25.25 13.798065
25.26 13.796665
25.27 13.795265
25.28 13.793865
25.29 13.792465
25.3 13.791065
25.31 13.789665
25.32 13.788265
25.33 13.786865
25.34 13.785465
25.35 13.784065
25.36 13.782665
25.37 13.781265
25.38 13.779865
25.39 13.778465
25.4 13.777065
25.41 13.775665
25.42 13.774265
25.43 13.772865
25.44 13.771465
25.45 13.770065
25.46 13.768665
25.47 13.767265
25.48 13.765865
25.49 13.764465
25.5 13.763065
25.51 13.761665
25.52 13.760265
25.53 13.758865
25.54 13.757465
25.55 13.756065
25.56 13.754665
25.57 13.753265
25.58 13.751865
25.59 13.750465
25.6 13.749065
25.61 13.747665
25.62 13.746265
25.63 13.744865
25.64 13.743465
25.65 13.742065
25.66 13.740665
25.67 13.739265
25.68 13.737865
25.69 13.736465
25.7 13.735065
25.71 13.733665
25.72 13.732265
25.73 13.730865
25.74 13.729465
25.75 13.728065
25.76 13.726665
25.77 13.725265
25.78 13.723865
25.79 13.722465
25.8 13.721065
25.81 13.719665
25.82 13.718265
25.83 13.716865
25.84 13.715465
25.85 13.714065
25.86 13.712665
25.87 13.711265
25.88 13.709865
25.89 13.708465
25.9 13.707065
25.91 13.705665
25.92 13.704265
25.93 13.702865
25.94 13.701465
25.95 13.700065
25.96 13.698665
25.97 13.697265
25.98 13.695865
25.99 13.694465
26 13.693065
26.01 13.691665
26.02 13.690265
26.03 13.688865
26.04 13.687465
26.05 13.686065
26.06 13.684665
26.07 13.683265
26.08 13.681865
26.09 13.680465
26.1 13.679065
26.11 13.677665
26.12 13.676265
26.13 13.674865
26.14 13.673465
26.15 13.672065
26.16 13.670665
26.17 13.669265
26.18 13.667865
26.19 13.666465
26.2 13.665065
26.21 13.663665
26.22 13.662265
26.23 13.660865
26.24 13.659465
26.25 13.658065
26.26 13.656665
26.27 13.655265
26.28 13.653865
26.29 13.652465
26.3 13.651065
26.31 13.649665
26.32 13.648265
26.33 13.646865
26.34 13.645465
26.35 13.644065
26.36 13.642665
26.37 13.641265
26.38 13.639865
26.39 13.638465
26.4 13.637065
26.41 13.635665
26.42 13.634265
26.43 13.632865
26.44 13.631465
26.45 13.630065
26.46 13.628665
26.47 13.627265
26.48 13.625865
26.49 13.624465
26.5 13.623065
26.51 13.621665
26.52 13.620265
26.53 13.618865
26.54 13.617465
26.55 13.616065
26.56 13.614665
26.57 13.613265
26.58 13.611865
26.59 13.610465
26.6 13.609065
26.61 13.607665
26.62 13.606265
26.63 13.604865
26.64 13.603465
26.65 13.602065
26.66 13.600665
26.67 13.599265
26.68 13.597865
26.69 13.596465
26.7 13.595065
26.71 13.593665
26.72 13.592265
26.73 13.590865
26.74 13.589465
26.75 13.588065
26.76 13.586665
26.77 13.585265
26.78 13.583865
26.79 13.582465
26.8 13.581065
26.81 13.579665
26.82 13.578265
26.83 13.576865
26.84 13.575465
26.85 13.574065
26.86 13.572665
26.87 13.571265
26.88 13.569865
26.89 13.568465
26.9 13.567065
26.91 13.565665
26.92 13.564265
26.93 13.562865
26.94 13.561465
26.95 13.560065
26.96 13.558665
26.97 13.557265
26.98 13.555865
26.99 13.554465
27 13.553065
27.01 13.551665
27.02 13.550265
27.03 13.548865
27.04 13.547465
27.05 13.546065
27.06 13.544665
27.07 13.543265
27.08 13.541865
27.09 13.540465
27.1 13.539065
27.11 13.537665
27.12 13.536265
27.13 13.534865
27.14 13.533465
27.15 13.532065
27.16 13.530665
27.17 13.529265
27.18 13.527865
27.19 13.526465
27.2 13.525065
27.21 13.523665
27.22 13.522265
27.23 13.520865
27.24 13.519465
27.25 13.518065
27.26 13.516665
27.27 13.515265
27.28 13.513865
27.29 13.512465
27.3 13.511065
27.31 13.509665
27.32 13.508265
27.33 13.506865
27.34 13.505465
27.35 13.504065
27.36 13.502665
27.37 13.501265
27.38 13.499865
27.39 13.498465
27.4 13.497065
27.41 13.495665
27.42 13.494265
27.43 13.492865
27.44 13.491465
27.45 13.490065
27.46 13.488665
27.47 13.487265
27.48 13.485865
27.49 13.484465
27.5 13.483065
27.51 13.481665
27.52 13.480265
27.53 13.478865
27.54 13.477465
27.55 13.476065
27.56 13.474665
27.57 13.473265
27.58 13.471865
27.59 13.470465
27.6 13.469065
27.61 13.467665
27.62 13.466265
27.63 13.464865
27.64 13.463465
27.65 13.462065
27.66 13.460665
27.67 13.459265
27.68 13.457865
27.69 13.456465
27.7 13.455065
27.71 13.453665
27.72 13.452265
27.73 13.450865
27.74 13.449465
27.75 13.448065
27.76 13.446665
27.77 13.445265
27.78 13.443865
27.79 13.442465
27.8 13.441065
27.81 13.439665
27.82 13.438265
27.83 13.436865
27.84 13.435465
27.85 13.434065
27.86 13.432665
27.87 13.431265
27.88 13.429865
27.89 13.428465
27.9 13.427065
27.91 13.425665
27.92 13.424265
27.93 13.422865
27.94 13.421465
27.95 13.420065
27.96 13.418665
27.97 13.417265
27.98 13.415865
27.99 13.414465
28 13.413065
28.01 13.411665
28.02 13.410265
28.03 13.408865
28.04 13.407465
28.05 13.406065
28.06 13.404665
28.07 13.403265
28.08 13.401865
28.09 13.400465
28.1 13.399065
28.11 13.397665
28.12 13.396265
28.13 13.394865
28.14 13.393465
28.15 13.392065
28.16 13.390665
28.17 13.389265
28.18 13.387865
28.19 13.386465
28.2 13.385065
28.21 13.383665
28.22 13.382265
28.23 13.380865
28.24 13.379465
28.25 13.378065
28.26 13.376665
28.27 13.375265
28.28 13.373865
28.29 13.372465
28.3 13.371065
28.31 13.369665
28.32 13.368265
28.33 13.366865
28.34 13.365465
28.35 13.364065
28.36 13.362665
28.37 13.361265
28.38 13.359865
28.39 13.358465
28.4 13.357065
28.41 13.355665
28.42 13.354265
28.43 13.352865
28.44 13.351465
28.45 13.350065
28.46 13.348665
28.47 13.347265
28.48 13.345865
28.49 13.344465
28.5 13.343065
28.51 13.341665
28.52 13.340265
28.53 13.338865
28.54 13.337465
28.55 13.336065
28.56 13.334665
28.57 13.333265
28.58 13.331865
28.59 13.330465
28.6 13.329065
28.61 13.327665
28.62 13.326265
28.63 13.324865
28.64 13.323465
28.65 13.322065
28.66 13.320665
28.67 13.319265
28.68 13.317865
28.69 13.316465
28.7 13.315065
28.71 13.313665
28.72 13.312265
28.73 13.310865
28.74 13.309465
28.75 13.308065
28.76 13.306665
28.77 13.305265
28.78 13.303865
28.79 13.302465
28.8 13.301065
28.81 13.299665
28.82 13.298265
28.83 13.296865
28.84 13.295465
28.85 13.294065
28.86 13.292665
28.87 13.291265
28.88 13.289865
28.89 13.288465
28.9 13.287065
28.91 13.285665
28.92 13.284265
28.93 13.282865
28.94 13.281465
28.95 13.280065
28.96 13.278665
28.97 13.277265
28.98 13.275865
28.99 13.274465
29 13.273065
29.01 13.271665
29.02 13.270265
29.03 13.268865
29.04 13.267465
29.05 13.266065
29.06 13.264665
29.07 13.263265
29.08 13.261865
29.09 13.260465
29.1 13.259065
29.11 13.257665
29.12 13.256265
29.13 13.254865
29.14 13.253465
29.15 13.252065
29.16 13.250665
29.17 13.249265
29.18 13.247865
29.19 13.246465
29.2 13.245065
29.21 13.243665
29.22 13.242265
29.23 13.240865
29.24 13.239465
29.25 13.238065
29.26 13.236665
29.27 13.235265
29.28 13.233865
29.29 13.232465
29.3 13.231065
29.31 13.229665
29.32 13.228265
29.33 13.226865
29.34 13.225465
29.35 13.224065
29.36 13.222665
29.37 13.221265
29.38 13.219865
29.39 13.218465
29.4 13.217065
29.41 13.215665
29.42 13.214265
29.43 13.212865
29.44 13.211465
29.45 13.210065
29.46 13.208665
29.47 13.207265
29.48 13.205865
29.49 13.204465
29.5 13.203065

