0.5 80.390836
0.51 79.323684
0.52 78.296827
0.53 77.310934
0.54 76.357278
0.55 75.442521
0.56 74.554623
0.57 73.703645
0.58 72.880608
0.59 72.084282
0.6 71.316566
0.61 70.566844
0.62 69.853179
0.63 69.154901
0.64 68.479768
0.65 67.824966
0.66 67.190586
0.67 66.575504
0.68 65.977411
0.69 65.398224
0.7 64.831637
0.71 64.286245
0.72 63.753376
0.73 63.235527
0.74 62.731832
0.75 62.239496
0.76 61.764295
0.77 61.298393
0.78 60.845592
0.79 60.40342
0.8 59.972735
0.81 59.552765
0.82 59.14299
0.83 58.743557
0.84 58.350772
0.85 57.971758
0.86 57.598878
0.87 57.23538
0.88 56.879632
0.89 56.53167
0.9 56.19276
0.91 55.859978
0.92 55.535333
0.93 55.216786
0.94 54.905511
0.95 54.600551
0.96 54.302368
0.97 54.010323
0.98 53.722527
0.99 53.44351
1 53.168089
1.01 52.899033
1.02 52.634636
1.03 52.375416
1.04 52.121654
1.05 51.872323
1.06 51.628038
1.07 51.387632
1.08 51.152402
1.09 50.920823
1.1 50.694115
1.11 50.471301
1.12 50.251684
1.13 50.037474
1.14 49.825777
1.15 49.618613
1.16 49.414447
1.17 49.213819
1.18 49.016756
1.19 48.823003
1.2 48.632564
1.21 48.444689
1.22 48.260712
1.23 48.07892
1.24 47.900755
1.25 47.725161
1.26 47.552102
1.27 47.38247
1.28 47.21475
1.29 47.050283
1.3 46.887884
1.31 46.728045
1.32 46.570612
1.33 46.41569
1.34 46.263079
1.35 46.112351
1.36 45.964408
1.37 45.817928
1.38 45.67434
1.39 45.532409
1.4 45.392418
1.41 45.254759
1.42 45.118729
1.43 44.984885
1.44 44.852628
1.45 44.722334
1.46 44.593664
1.47 44.466944
1.48 44.341918
1.49 44.218369
1.5 44.096772
1.51 43.976244
1.52 43.858049
1.53 43.740965
1.54 43.625413
1.55 43.511446
1.56 43.398897
1.57 43.287866
1.58 43.17807
1.59 43.069831
1.6 42.962696
1.61 42.857142
1.62 42.75284
1.63 42.649736
1.64 42.548018
1.65 42.447174
1.66 42.348119
1.67 42.249893
1.68 42.152893
1.69 42.05703
1.7 41.962323
1.71 41.868746
1.72 41.77618
1.73 41.684794
1.74 41.594191
1.75 41.504983
1.76 41.416613
1.77 41.329252
1.78 41.242902
1.79 41.157363
1.8 41.073071
1.81 40.989491
1.82 40.90691
1.83 40.825171
1.84 40.744356
1.85 40.664423
1.86 40.585335
1.87 40.507144
1.88 40.429517
1.89 40.353138
1.9 40.277316
1.91 40.202348
1.92 40.128126
1.93 40.054649
1.94 39.982054
1.95 39.909899
1.96 39.837952
1.97 39.766062
1.98 39.694174
1.99 39.622285
2 39.550396
2.01 39.478508
2.02 39.406619
2.03 39.33473
2.04 39.262841
2.05 39.190952
2.06 39.119064
2.07 39.047175
2.08 38.975286
2.09 38.903397
2.1 38.831508
2.11 38.75962
2.12 38.687731
2.13 38.615843
2.14 38.543953
2.15 38.472065
2.16 38.400176
2.17 38.328286
2.18 38.256398
2.19 38.184509
2.2 38.11262
2.21 38.040732
2.22 37.968843
2.23 37.896954
2.24 37.825065
2.25 37.753176
2.26 37.681287
2.27 37.609399
2.28 37.537511
2.29 37.465621
2.3 37.393733
2.31 37.321844
2.32 37.249954
2.33 37.178066
2.34 37.106178
2.35 37.034288
2.36 36.962399
2.37 36.890511
2.38 36.818622
2.39 36.746733
2.4 36.674845
2.41 36.602957
2.42 36.531067
2.43 36.459178
2.44 36.387289
2.45 36.315401
2.46 36.243512
2.47 36.171623
2.48 36.099734
2.49 36.027845
2.5 35.953455
2.51 35.851623
2.52 35.747289
2.53 35.644604
2.54 35.543568
2.55 35.442746
2.56 35.344632
2.57 35.246731
2.58 35.150345
2.59 35.055402
2.6 34.960941
2.61 34.868394
2.62 34.776308
2.63 34.686217
2.64 34.597982
2.65 34.510137
2.66 34.423485
2.67 34.337207
2.68 34.251705
2.69 34.167076
2.7 34.082742
2.71 34.000071
2.72 33.917695
2.73 33.836052
2.74 33.75514
2.75 33.674242
2.76 33.595387
2.77 33.516545
2.78 33.438715
2.79 33.361897
2.8 33.285322
2.81 33.210219
2.82 33.13536
2.83 33.06147
2.84 32.988441
2.85 32.91577
2.86 32.844231
2.87 32.77303
2.88 32.702646
2.89 32.63313
2.9 32.56388
2.91 32.495705
2.92 32.427813
2.93 32.36066
2.94 32.294293
2.95 32.228041
2.96 32.163023
2.97 32.098118
2.98 32.033912
2.99 31.970402
3 31.906984
3.01 31.844719
3.02 31.782545
3.03 31.721014
3.04 31.660099
3.05 31.599391
3.06 31.539514
3.07 31.479835
3.08 31.420755
3.09 31.362231
3.1 31.303927
3.11 31.246335
3.12 31.188969
3.13 31.132101
3.14 31.075795
3.15 31.019625
3.16 30.964221
3.17 30.908954
3.18 30.854187
3.19 30.799923
3.2 30.745665
3.21 30.692361
3.22 30.639064
3.23 30.586233
3.24 30.533868
3.25 30.481615
3.26 30.430047
3.27 30.37859
3.28 30.327589
3.29 30.276993
3.3 30.226567
3.31 30.176683
3.32 30.126963
3.33 30.07764
3.34 30.028737
3.35 29.979969
3.36 29.931737
3.37 29.883646
3.38 29.835932
3.39 29.788618
3.4 29.741288
3.41 29.693779
3.42 29.646253
3.43 29.597828
3.44 29.548504
3.45 29.499361
3.46 29.452604
3.47 29.406028
3.48 29.359812
3.49 29.313941
3.5 29.268157
3.51 29.222719
3.52 29.177363
3.53 29.132212
3.54 29.087251
3.55 29.042348
3.56 28.99763
3.57 28.952967
3.58 28.908386
3.59 28.863893
3.6 28.819408
3.61 28.774961
3.62 28.730522
3.63 28.686047
3.64 28.641538
3.65 28.597028
3.66 28.552347
3.67 28.507665
3.68 28.462861
3.69 28.417935
3.7 28.372977
3.71 28.327817
3.72 28.282624
3.73 28.237305
3.74 28.191871
3.75 28.146402
3.76 28.10082
3.77 28.055205
3.78 28.009547
3.79 27.963843
3.8 27.918138
3.81 27.872436
3.82 27.826734
3.83 27.781075
3.84 27.735461
3.85 27.689861
3.86 27.644397
3.87 27.598946
3.88 27.553607
3.89 27.50838
3.9 27.463171
3.91 27.4182
3.92 27.373246
3.93 27.328451
3.94 27.283808
3.95 27.239222
3.96 27.194871
3.97 27.150575
3.98 27.10647
3.99 27.062539
4 27.018685
4.01 26.975081
4.02 26.931556
4.03 26.888222
4.04 26.845101
4.05 26.802038
4.06 26.759291
4.07 26.716601
4.08 26.674135
4.09 26.631893
4.1 26.589657
4.11 26.547879
4.12 26.506106
4.13 26.464579
4.14 26.423295
4.15 26.382076
4.16 26.34125
4.17 26.300486
4.18 26.260009
4.19 26.219788
4.2 26.179686
4.21 26.139968
4.22 26.100364
4.23 26.06108
4.24 26.022134
4.25 25.983315
4.26 25.944999
4.27 25.906818
4.28 25.86906
4.29 25.831754
4.3 25.794535
4.31 25.758213
4.32 25.721978
4.33 25.686413
4.34 25.651516
4.35 25.616729
4.36 25.583428
4.37 25.550235
4.38 25.518132
4.39 25.487076
4.4 25.456446
4.41 25.427564
4.42 25.399094
4.43 25.372046
4.44 25.346311
4.45 25.321086
4.46 25.2975
4.47 25.27443
4.48 25.252322
4.49 25.231297
4.5 25.210471
4.51 25.190734
4.52 25.171196
4.53 25.152139
4.54 25.133562
4.55 25.114991
4.56 25.096979
4.57 25.078972
4.58 25.061114
4.59 25.043406
4.6 25.025712
4.61 25.008109
4.62 24.990519
4.63 24.97293
4.64 24.955342
4.65 24.937741
4.66 24.920095
4.67 24.902435
4.68 24.884719
4.69 24.866944
4.7 24.849147
4.71 24.831259
4.72 24.813345
4.73 24.795363
4.74 24.777306
4.75 24.759238
4.76 24.74105
4.77 24.722849
4.78 24.704581
4.79 24.686247
4.8 24.667904
4.81 24.649454
4.82 24.630996
4.83 24.612485
4.84 24.593921
4.85 24.575343
4.86 24.556704
4.87 24.53805
4.88 24.519359
4.89 24.500635
4.9 24.481899
4.91 24.463128
4.92 24.444348
4.93 24.42555
4.94 24.406732
4.95 24.387912
4.96 24.369076
4.97 24.350238
4.98 24.331397
4.99 24.312552
5 24.293709
5.01 24.274873
5.02 24.256037
5.03 24.237212
5.04 24.218398
5.05 24.199587
5.06 24.180803
5.07 24.162022
5.08 24.143265
5.09 24.124527
5.1 24.105801
5.11 24.087109
5.12 24.068428
5.13 24.049776
5.14 24.031158
5.15 24.012551
5.16 23.993991
5.17 23.975444
5.18 23.956935
5.19 23.938465
5.2 23.920002
5.21 23.901611
5.22 23.883225
5.23 23.864886
5.24 23.846591
5.25 23.828302
5.26 23.810096
5.27 23.791896
5.28 23.773747
5.29 23.755645
5.3 23.737562
5.31 23.719548
5.32 23.701551
5.33 23.683608
5.34 23.665715
5.35 23.647844
5.36 23.630043
5.37 23.612264
5.38 23.594536
5.39 23.576866
5.4 23.559211
5.41 23.541641
5.42 23.524085
5.43 23.506587
5.44 23.489147
5.45 23.471708
5.46 23.454384
5.47 23.437061
5.48 23.419796
5.49 23.402592
5.5 23.385401
5.51 23.368301
5.52 23.351215
5.53 23.334192
5.54 23.317224
5.55 23.300281
5.56 23.283414
5.57 23.26657
5.58 23.249785
5.59 23.233061
5.6 23.216357
5.61 23.199735
5.62 23.183133
5.63 23.16659
5.64 23.150108
5.65 23.133637
5.66 23.117266
5.67 23.100906
5.68 23.084607
5.69 23.068367
5.7 23.052136
5.71 23.03601
5.72 23.019891
5.73 23.003834
5.74 22.987835
5.75 22.971857
5.76 22.95596
5.77 22.940082
5.78 22.924265
5.79 22.908506
5.8 22.89277
5.81 22.877109
5.82 22.861471
5.83 22.845889
5.84 22.830369
5.85 22.814864
5.86 22.799445
5.87 22.784042
5.88 22.768697
5.89 22.753411
5.9 22.738126
5.91 22.722955
5.92 22.707786
5.93 22.692673
5.94 22.677619
5.95 22.662578
5.96 22.647626
5.97 22.632686
5.98 22.617805
5.99 22.602978
6 22.588172
6.01 22.573439
6.02 22.558727
6.03 22.54407
6.04 22.529469
6.05 22.514886
6.06 22.500378
6.07 22.48589
6.08 22.471454
6.09 22.457075
6.1 22.442705
6.11 22.428426
6.12 22.414156
6.13 22.39994
6.14 22.385778
6.15 22.371623
6.16 22.357562
6.17 22.343508
6.18 22.329508
6.19 22.315559
6.2 22.301628
6.21 22.287769
6.22 22.273927
6.23 22.260138
6.24 22.246399
6.25 22.23268
6.26 22.219027
6.27 22.205395
6.28 22.19181
6.29 22.178278
6.3 22.164761
6.31 22.151317
6.32 22.137887
6.33 22.124507
6.34 22.111178
6.35 22.097851
6.36 22.08462
6.37 22.07139
6.38 22.05821
6.39 22.045078
6.4 22.031959
6.41 22.018915
6.42 22.005882
6.43 21.992899
6.44 21.979961
6.45 21.967042
6.46 21.954184
6.47 21.941345
6.48 21.928551
6.49 21.915806
6.5 21.903077
6.51 21.890409
6.52 21.877759
6.53 21.865153
6.54 21.852595
6.55 21.840044
6.56 21.82757
6.57 21.815104
6.58 21.802683
6.59 21.790309
6.6 21.777938
6.61 21.765649
6.62 21.753364
6.63 21.741124
6.64 21.728929
6.65 21.716748
6.66 21.704627
6.67 21.692521
6.68 21.680458
6.69 21.668438
6.7 21.656435
6.71 21.644486
6.72 21.632555
6.73 21.620664
6.74 21.608818
6.75 21.596984
6.76 21.58521
6.77 21.573449
6.78 21.561729
6.79 21.550052
6.8 21.538375
6.81 21.52678
6.82 21.515186
6.83 21.503633
6.84 21.492122
6.85 21.48062
6.86 21.46918
6.87 21.45775
6.88 21.446363
6.89 21.435011
6.9 21.423677
6.91 21.412393
6.92 21.401125
6.93 21.389894
6.94 21.378704
6.95 21.367527
6.96 21.356403
6.97 21.345292
6.98 21.334219
6.99 21.323185
7 21.312156
7.01 21.301176
7.02 21.290223
7.03 21.279305
7.04 21.268419
7.05 21.257557
7.06 21.246731
7.07 21.235933
7.08 21.225161
7.09 21.214427
7.1 21.203718
7.11 21.193035
7.12 21.182388
7.13 21.171767
7.14 21.161175
7.15 21.150615
7.16 21.14008
7.17 21.129575
7.18 21.119101
7.19 21.108651
7.2 21.098234
7.21 21.087845
7.22 21.077479
7.23 21.067147
7.24 21.056843
7.25 21.046561
7.26 21.036315
7.27 21.026091
7.28 21.015894
7.29 21.00573
7.3 20.995588
7.31 20.985476
7.32 20.975391
7.33 20.965331
7.34 20.955301
7.35 20.945298
7.36 20.935316
7.37 20.925368
7.38 20.915443
7.39 20.905541
7.4 20.895674
7.41 20.885828
7.42 20.876005
7.43 20.866214
7.44 20.856446
7.45 20.846705
7.46 20.836991
7.47 20.827297
7.48 20.817633
7.49 20.807996
7.5 20.798379
7.51 20.788793
7.52 20.779229
7.53 20.769686
7.54 20.760178
7.55 20.750688
7.56 20.741221
7.57 20.731784
7.58 20.722369
7.59 20.712977
7.6 20.703614
7.61 20.69427
7.62 20.684953
7.63 20.675661
7.64 20.66639
7.65 20.657146
7.66 20.647925
7.67 20.638723
7.68 20.629552
7.69 20.620403
7.7 20.611272
7.71 20.602172
7.72 20.59309
7.73 20.584031
7.74 20.575001
7.75 20.565988
7.76 20.556999
7.77 20.548035
7.78 20.539091
7.79 20.530172
7.8 20.521277
7.81 20.512399
7.82 20.503548
7.83 20.494719
7.84 20.485908
7.85 20.477126
7.86 20.468363
7.87 20.459619
7.88 20.450902
7.89 20.442204
7.9 20.433528
7.91 20.424876
7.92 20.416241
7.93 20.407631
7.94 20.399043
7.95 20.390472
7.96 20.381928
7.97 20.373402
7.98 20.364895
7.99 20.356416
8 20.347953
8.01 20.339509
8.02 20.331091
8.03 20.32269
8.04 20.314311
8.05 20.305955
8.06 20.297616
8.07 20.289298
8.08 20.281002
8.09 20.272723
8.1 20.264469
8.11 20.256234
8.12 20.248014
8.13 20.23982
8.14 20.231645
8.15 20.223485
8.16 20.215352
8.17 20.207234
8.18 20.199136
8.19 20.191062
8.2 20.183002
8.21 20.174963
8.22 20.166945
8.23 20.158944
8.24 20.150965
8.25 20.143004
8.26 20.135059
8.27 20.127138
8.28 20.119233
8.29 20.111346
8.3 20.103483
8.31 20.095635
8.32 20.087804
8.33 20.079996
8.34 20.072204
8.35 20.06443
8.36 20.056676
8.37 20.048938
8.38 20.041221
8.39 20.033523
8.4 20.025839
8.41 20.018176
8.42 20.010531
8.43 20.002901
8.44 19.995295
8.45 19.987703
8.46 19.980128
8.47 19.972573
8.48 19.965034
8.49 19.957513
8.5 19.950012
8.51 19.942524
8.52 19.935056
8.53 19.927606
8.54 19.920171
8.55 19.912757
8.56 19.905358
8.57 19.897974
8.58 19.890611
8.59 19.883264
8.6 19.87593
8.61 19.868619
8.62 19.861321
8.63 19.85404
8.64 19.846779
8.65 19.839531
8.66 19.8323
8.67 19.825087
8.68 19.817889
8.69 19.810709
8.7 19.803546
8.71 19.796396
8.72 19.789266
8.73 19.782151
8.74 19.775049
8.75 19.767969
8.76 19.760902
8.77 19.753849
8.78 19.746816
8.79 19.739796
8.8 19.732793
8.81 19.725806
8.82 19.718833
8.83 19.711878
8.84 19.704938
8.85 19.698012
8.86 19.691104
8.87 19.68421
8.88 19.677329
8.89 19.670469
8.9 19.663621
8.91 19.656787
8.92 19.649972
8.93 19.643169
8.94 19.636382
8.95 19.629612
8.96 19.622854
8.97 19.616112
8.98 19.609386
8.99 19.602673
9 19.595977
9.01 19.589296
9.02 19.582625
9.03 19.575974
9.04 19.569336
9.05 19.56271
9.06 19.556104
9.07 19.549509
9.08 19.542927
9.09 19.536363
9.1 19.529811
9.11 19.523273
9.12 19.516751
9.13 19.510242
9.14 19.503748
9.15 19.497268
9.16 19.4908
9.17 19.484349
9.18 19.477911
9.19 19.471485
9.2 19.465076
9.21 19.458679
9.22 19.452296
9.23 19.445928
9.24 19.439572
9.25 19.43323
9.26 19.426904
9.27 19.420588
9.28 19.414287
9.29 19.408
9.3 19.401725
9.31 19.395466
9.32 19.389218
9.33 19.382983
9.34 19.376764
9.35 19.370557
9.36 19.364361
9.37 19.358182
9.38 19.352013
9.39 19.345858
9.4 19.339718
9.41 19.333588
9.42 19.327472
9.43 19.32137
9.44 19.315279
9.45 19.309202
9.46 19.303138
9.47 19.297085
9.48 19.291048
9.49 19.285021
9.5 19.279006
9.51 19.273007
9.52 19.267017
9.53 19.261041
9.54 19.255079
9.55 19.249127
9.56 19.243189
9.57 19.237262
9.58 19.231347
9.59 19.225446
9.6 19.219557
9.61 19.213679
9.62 19.207814
9.63 19.201961
9.64 19.196119
9.65 19.190292
9.66 19.184474
9.67 19.178668
9.68 19.172876
9.69 19.167095
9.7 19.161325
9.71 19.155569
9.72 19.149822
9.73 19.144088
9.74 19.138367
9.75 19.132655
9.76 19.126958
9.77 19.121271
9.78 19.115593
9.79 19.109931
9.8 19.104278
9.81 19.098636
9.82 19.093008
9.83 19.087389
9.84 19.081782
9.85 19.076187
9.86 19.070602
9.87 19.065029
9.88 19.059468
9.89 19.053917
9.9 19.048379
9.91 19.042851
9.92 19.037332
9.93 19.031827
9.94 19.026332
9.95 19.020847
9.96 19.015375
9.97 19.009912
9.98 19.00446
9.99 18.999022
10 18.993591
10.01 18.988173
10.02 18.982765
10.03 18.977367
10.04 18.971981
10.05 18.966606
10.06 18.961239
10.07 18.955886
10.08 18.950542
10.09 18.945207
10.1 18.939886
10.11 18.934574
10.12 18.929271
10.13 18.92398
10.14 18.918698
10.15 18.913427
10.16 18.908168
10.17 18.902916
10.18 18.897677
10.19 18.892448
10.2 18.887227
10.21 18.882019
10.22 18.87682
10.23 18.87163
10.24 18.866452
10.25 18.861283
10.26 18.856123
10.27 18.850976
10.28 18.845836
10.29 18.840708
10.3 18.83559
10.31 18.83048
10.32 18.825381
10.33 18.820292
10.34 18.815212
10.35 18.810142
10.36 18.805082
10.37 18.800031
10.38 18.794991
10.39 18.789961
10.4 18.784938
10.41 18.779929
10.42 18.774926
10.43 18.769932
10.44 18.764951
10.45 18.759977
10.46 18.755013
10.47 18.750058
10.48 18.745112
10.49 18.740177
10.5 18.735252
10.51 18.730334
10.52 18.725426
10.53 18.720528
10.54 18.715638
10.55 18.710759
10.56 18.705888
10.57 18.701025
10.58 18.696174
10.59 18.691331
10.6 18.686497
10.61 18.681673
10.62 18.676855
10.63 18.672049
10.64 18.667252
10.65 18.662462
10.66 18.657681
10.67 18.65291
10.68 18.648147
10.69 18.643396
10.7 18.638651
10.71 18.633914
10.72 18.629188
10.73 18.62447
10.74 18.61976
10.75 18.615061
10.76 18.610367
10.77 18.605685
10.78 18.60101
10.79 18.596344
10.8 18.591688
10.81 18.587039
10.82 18.582397
10.83 18.577767
10.84 18.573144
10.85 18.568528
10.86 18.563923
10.87 18.559325
10.88 18.554736
10.89 18.550155
10.9 18.545582
10.91 18.541018
10.92 18.536463
10.93 18.531915
10.94 18.527376
10.95 18.522845
10.96 18.518321
10.97 18.513808
10.98 18.509301
10.99 18.504802
11 18.500313
11.01 18.495832
11.02 18.491357
11.03 18.486892
11.04 18.482435
11.05 18.477985
11.06 18.473544
11.07 18.469109
11.08 18.464685
11.09 18.460267
11.1 18.455857
11.11 18.451456
11.12 18.447062
11.13 18.442675
11.14 18.438298
11.15 18.433927
11.16 18.429565
11.17 18.425209
11.18 18.420862
11.19 18.416523
11.2 18.412193
11.21 18.407869
11.22 18.403553
11.23 18.399244
11.24 18.394943
11.25 18.39065
11.26 18.386365
11.27 18.382087
11.28 18.377816
11.29 18.373554
11.3 18.369298
11.31 18.365051
11.32 18.36081
11.33 18.356576
11.34 18.352352
11.35 18.348134
11.36 18.343923
11.37 18.33972
11.38 18.335523
11.39 18.331335
11.4 18.327155
11.41 18.322979
11.42 18.318814
11.43 18.314654
11.44 18.310501
11.45 18.306358
11.46 18.30222
11.47 18.298088
11.48 18.293966
11.49 18.28985
11.5 18.285741
11.51 18.28164
11.52 18.277544
11.53 18.273456
11.54 18.269376
11.55 18.265302
11.56 18.261236
11.57 18.257176
11.58 18.253123
11.59 18.249078
11.6 18.24504
11.61 18.241008
11.62 18.236983
11.63 18.232965
11.64 18.228954
11.65 18.224951
11.66 18.220953
11.67 18.216963
11.68 18.212979
11.69 18.209002
11.7 18.205032
11.71 18.201068
11.72 18.197111
11.73 18.193162
11.74 18.18922
11.75 18.185282
11.76 18.181353
11.77 18.17743
11.78 18.173513
11.79 18.169604
11.8 18.165701
11.81 18.161804
11.82 18.157914
11.83 18.15403
11.84 18.150154
11.85 18.146284
11.86 18.142419
11.87 18.138562
11.88 18.134712
11.89 18.130866
11.9 18.127029
11.91 18.123197
11.92 18.119372
11.93 18.115553
11.94 18.111741
11.95 18.107934
11.96 18.104135
11.97 18.100342
11.98 18.096555
11.99 18.092775
12 18.089
12.01 18.085232
12.02 18.08147
12.03 18.077714
12.04 18.073965
12.05 18.070222
12.06 18.066484
12.07 18.062754
12.08 18.059029
12.09 18.055311
12.1 18.051598
12.11 18.047891
12.12 18.044192
12.13 18.040497
12.14 18.036809
12.15 18.033128
12.16 18.029452
12.17 18.025782
12.18 18.022118
12.19 18.018461
12.2 18.014808
12.21 18.011163
12.22 18.007523
12.23 18.003888
12.24 18.000261
12.25 17.996638
12.26 17.993023
12.27 17.989412
12.28 17.985807
12.29 17.982209
12.3 17.978617
12.31 17.97503
12.32 17.971448
12.33 17.967872
12.34 17.964303
12.35 17.96074
12.36 17.957182
12.37 17.953629
12.38 17.950083
12.39 17.946542
12.4 17.943007
12.41 17.939479
12.42 17.935954
12.43 17.932437
12.44 17.928925
12.45 17.925417
12.46 17.921917
12.47 17.918422
12.48 17.914931
12.49 17.911448
12.5 17.90797
12.51 17.904496
12.52 17.90103
12.53 17.897568
12.54 17.894111
12.55 17.890661
12.56 17.887217
12.57 17.883777
12.58 17.880343
12.59 17.876915
12.6 17.873494
12.61 17.870077
12.62 17.866665
12.63 17.86326
12.64 17.859852
12.65 17.856431
12.66 17.852965
12.67 17.849437
12.68 17.845802
12.69 17.841946
12.7 17.837833
12.71 17.833232
12.72 17.827873
12.73 17.822313
12.74 17.818794
12.75 17.818363
12.76 17.817765
12.77 17.815431
12.78 17.812455
12.79 17.809232
12.8 17.805959
12.81 17.802674
12.82 17.799385
12.83 17.796096
12.84 17.792807
12.85 17.789522
12.86 17.786242
12.87 17.782963
12.88 17.779691
12.89 17.776422
12.9 17.773157
12.91 17.769898
12.92 17.766644
12.93 17.763392
12.94 17.760148
12.95 17.756907
12.96 17.753671
12.97 17.750441
12.98 17.747215
12.99 17.743993
13 17.740779
13.01 17.737566
13.02 17.73436
13.03 17.731158
13.04 17.727961
13.05 17.72477
13.06 17.721583
13.07 17.7184
13.08 17.715223
13.09 17.712051
13.1 17.708882
13.11 17.70572
13.12 17.702561
13.13 17.699408
13.14 17.69626
13.15 17.693116
13.16 17.689976
13.17 17.686842
13.18 17.683712
13.19 17.680587
13.2 17.677467
13.21 17.67435
13.22 17.67124
13.23 17.668134
13.24 17.665032
13.25 17.661936
13.26 17.658844
13.27 17.655755
13.28 17.652673
13.29 17.649595
13.3 17.64652
13.31 17.643452
13.32 17.640388
13.33 17.637327
13.34 17.634272
13.35 17.63122
13.36 17.628174
13.37 17.625133
13.38 17.622095
13.39 17.619064
13.4 17.616036
13.41 17.613011
13.42 17.609992
13.43 17.606978
13.44 17.603968
13.45 17.600962
13.46 17.59796
13.47 17.594964
13.48 17.591972
13.49 17.588983
13.5 17.586
13.51 17.583021
13.52 17.580046
13.53 17.577075
13.54 17.57411
13.55 17.571148
13.56 17.568191
13.57 17.565238
13.58 17.562289
13.59 17.559346
13.6 17.556406
13.61 17.55347
13.62 17.550539
13.63 17.547611
13.64 17.544689
13.65 17.54177
13.66 17.538856
13.67 17.535946
13.68 17.533041
13.69 17.530139
13.7 17.527242
13.71 17.524349
13.72 17.52146
13.73 17.518576
13.74 17.515695
13.75 17.512819
13.76 17.509947
13.77 17.507079
13.78 17.504215
13.79 17.501356
13.8 17.4985
13.81 17.495649
13.82 17.492802
13.83 17.489958
13.84 17.48712
13.85 17.484285
13.86 17.481454
13.87 17.478628
13.88 17.475804
13.89 17.472986
13.9 17.470171
13.91 17.467361
13.92 17.464555
13.93 17.461751
13.94 17.458953
13.95 17.456158
13.96 17.453368
13.97 17.450581
13.98 17.447799
13.99 17.44502
14 17.442245
14.01 17.439478
14.02 17.43671
14.03 17.433947
14.04 17.43119
14.05 17.428433
14.06 17.425684
14.07 17.422936
14.08 17.420193
14.09 17.417454
14.1 17.414718
14.11 17.411987
14.12 17.409259
14.13 17.406535
14.14 17.403816
14.15 17.401098
14.16 17.398387
14.17 17.395678
14.18 17.392973
14.19 17.390273
14.2 17.387574
14.21 17.384883
14.22 17.382192
14.23 17.379507
14.24 17.376826
14.25 17.374145
14.26 17.371473
14.27 17.368801
14.28 17.366134
14.29 17.363472
14.3 17.360811
14.31 17.358156
14.32 17.355504
14.33 17.352855
14.34 17.350211
14.35 17.347569
14.36 17.344933
14.37 17.342298
14.38 17.339668
14.39 17.337042
14.4 17.334418
14.41 17.3318
14.42 17.329184
14.43 17.326572
14.44 17.323965
14.45 17.321357
14.46 17.318759
14.47 17.31616
14.48 17.313567
14.49 17.310977
14.5 17.308388
14.51 17.305807
14.52 17.303227
14.53 17.30065
14.54 17.298078
14.55 17.295508
14.56 17.292944
14.57 17.290382
14.58 17.287823
14.59 17.285268
14.6 17.282716
14.61 17.280169
14.62 17.277623
14.63 17.275083
14.64 17.272546
14.65 17.27001
14.66 17.267481
14.67 17.264953
14.68 17.262429
14.69 17.259909
14.7 17.25739
14.71 17.254879
14.72 17.252368
14.73 17.249861
14.74 17.247359
14.75 17.244857
14.76 17.242362
14.77 17.239868
14.78 17.237378
14.79 17.234893
14.8 17.232409
14.81 17.22993
14.82 17.227453
14.83 17.224979
14.84 17.22251
14.85 17.220042
14.86 17.217581
14.87 17.21512
14.88 17.212663
14.89 17.210211
14.9 17.207759
14.91 17.205314
14.92 17.20287
14.93 17.200429
14.94 17.197994
14.95 17.195558
14.96 17.19313
14.97 17.190702
14.98 17.188278
14.99 17.185857
15 17.183367
15.01 17.180824
15.02 17.178407
15.03 17.175996
15.04 17.173589
15.05 17.171184
15.06 17.168784
15.07 17.166385
15.08 17.163991
15.09 17.161599
15.1 17.159211
15.11 17.156826
15.12 17.154444
15.13 17.152065
15.14 17.149689
15.15 17.147316
15.16 17.144947
15.17 17.142581
15.18 17.140217
15.19 17.137857
15.2 17.135499
15.21 17.133145
15.22 17.130795
15.23 17.128447
15.24 17.126103
15.25 17.123761
15.26 17.121422
15.27 17.119087
15.28 17.116754
15.29 17.114425
15.3 17.112098
15.31 17.109775
15.32 17.107455
15.33 17.105137
15.34 17.102823
15.35 17.100512
15.36 17.098204
15.37 17.095899
15.38 17.093596
15.39 17.091297
15.4 17.089001
15.41 17.086708
15.42 17.084417
15.43 17.082131
15.44 17.079846
15.45 17.077565
15.46 17.075286
15.47 17.07301
15.48 17.070738
15.49 17.068468
15.5 17.066202
15.51 17.063938
15.52 17.061677
15.53 17.05942
15.54 17.057164
15.55 17.054912
15.56 17.052663
15.57 17.050417
15.58 17.048173
15.59 17.045932
15.6 17.043694
15.61 17.04146
15.62 17.039228
15.63 17.036998
15.64 17.034772
15.65 17.032549
15.66 17.030328
15.67 17.028111
15.68 17.025895
15.69 17.023683
15.7 17.021474
15.71 17.019268
15.72 17.017064
15.73 17.014863
15.74 17.012665
15.75 17.01047
15.76 17.008277
15.77 17.006088
15.78 17.003901
15.79 17.001716
15.8 16.999535
15.81 16.997356
15.82 16.995181
15.83 16.993008
15.84 16.990837
15.85 16.98867
15.86 16.986504
15.87 16.984342
15.88 16.982183
15.89 16.980026
15.9 16.977873
15.91 16.975721
15.92 16.973573
15.93 16.971426
15.94 16.969283
15.95 16.967142
15.96 16.965004
15.97 16.962869
15.98 16.960737
15.99 16.958607
16 16.95648
16.01 16.954356
16.02 16.952233
16.03 16.950114
16.04 16.947998
16.05 16.945883
16.06 16.943772
16.07 16.941664
16.08 16.939557
16.09 16.937454
16.1 16.935353
16.11 16.933255
16.12 16.931159
16.13 16.929067
16.14 16.926976
16.15 16.924888
16.16 16.922803
16.17 16.920721
16.18 16.91864
16.19 16.916562
16.2 16.914488
16.21 16.912416
16.22 16.910345
16.23 16.908278
16.24 16.906213
16.25 16.904151
16.26 16.902092
16.27 16.900034
16.28 16.897979
16.29 16.895927
16.3 16.893878
16.31 16.891831
16.32 16.889786
16.33 16.887745
16.34 16.885705
16.35 16.883668
16.36 16.881633
16.37 16.879601
16.38 16.877571
16.39 16.875544
16.4 16.873519
16.41 16.871498
16.42 16.869478
16.43 16.86746
16.44 16.865445
16.45 16.863433
16.46 16.861423
16.47 16.859416
16.48 16.857411
16.49 16.855408
16.5 16.853408
16.51 16.85141
16.52 16.849415
16.53 16.847422
16.54 16.845431
16.55 16.843443
16.56 16.841457
16.57 16.839474
16.58 16.837493
16.59 16.835515
16.6 16.833538
16.61 16.831565
16.62 16.829594
16.63 16.827624
16.64 16.825658
16.65 16.823693
16.66 16.821732
16.67 16.819772
16.68 16.817815
16.69 16.81586
16.7 16.813907
16.71 16.811957
16.72 16.810009
16.73 16.808063
16.74 16.80612
16.75 16.804179
16.76 16.802241
16.77 16.800304
16.78 16.79837
16.79 16.796439
16.8 16.79451
16.81 16.792582
16.82 16.790658
16.83 16.788735
16.84 16.786815
16.85 16.784898
16.86 16.782981
16.87 16.781068
16.88 16.779157
16.89 16.777248
16.9 16.775341
16.91 16.773437
16.92 16.771535
16.93 16.769635
16.94 16.767738
16.95 16.765842
16.96 16.763949
16.97 16.762058
16.98 16.760169
16.99 16.758283
17 16.7564
17.01 16.754517
17.02 16.752637
17.03 16.750759
17.04 16.748884
17.05 16.747011
17.06 16.74514
17.07 16.743271
17.08 16.741405
17.09 16.73954
17.1 16.737678
17.11 16.735818
17.12 16.73396
17.13 16.732104
17.14 16.730251
17.15 16.728399
17.16 16.72655
17.17 16.724703
17.18 16.722858
17.19 16.721015
17.2 16.719174
17.21 16.717336
17.22 16.7155
17.23 16.713665
17.24 16.711833
17.25 16.710003
17.26 16.708175
17.27 16.70635
17.28 16.704526
17.29 16.702704
17.3 16.700885
17.31 16.699068
17.32 16.697252
17.33 16.69544
17.34 16.693629
17.35 16.691819
17.36 16.690013
17.37 16.688208
17.38 16.686405
17.39 16.684604
17.4 16.682806
17.41 16.681009
17.42 16.679215
17.43 16.677423
17.44 16.675632
17.45 16.673844
17.46 16.672058
17.47 16.670274
17.48 16.668491
17.49 16.666711
17.5 16.664933
17.51 16.663157
17.52 16.661383
17.53 16.659611
17.54 16.657841
17.55 16.656073
17.56 16.654307
17.57 16.652543
17.58 16.650782
17.59 16.649022
17.6 16.647264
17.61 16.645509
17.62 16.643754
17.63 16.642002
17.64 16.640252
17.65 16.638504
17.66 16.636758
17.67 16.635014
17.68 16.633272
17.69 16.631532
17.7 16.629794
17.71 16.628058
17.72 16.626324
17.73 16.624592
17.74 16.622862
17.75 16.621133
17.76 16.619406
17.77 16.617682
17.78 16.61596
17.79 16.614239
17.8 16.61252
17.81 16.610804
17.82 16.609089
17.83 16.607376
17.84 16.605665
17.85 16.603956
17.86 16.602249
17.87 16.600544
17.88 16.598841
17.89 16.597139
17.9 16.59544
17.91 16.593742
17.92 16.592047
17.93 16.590353
17.94 16.588661
17.95 16.586971
17.96 16.585283
17.97 16.583597
17.98 16.581912
17.99 16.58023
18 16.578549
18.01 16.576871
18.02 16.575193
18.03 16.573519
18.04 16.571845
18.05 16.570174
18.06 16.568504
18.07 16.566837
18.08 16.565171
18.09 16.563508
18.1 16.561845
18.11 16.560185
18.12 16.558526
18.13 16.55687
18.14 16.555215
18.15 16.553562
18.16 16.551911
18.17 16.550262
18.18 16.548614
18.19 16.546968
18.2 16.545324
18.21 16.543682
18.22 16.542043
18.23 16.540404
18.24 16.538767
18.25 16.537132
18.26 16.535499
18.27 16.533868
18.28 16.532238
18.29 16.530611
18.3 16.528984
18.31 16.52736
18.32 16.525738
18.33 16.524117
18.34 16.522499
18.35 16.520881
18.36 16.519266
18.37 16.517652
18.38 16.51604
18.39 16.51443
18.4 16.512822
18.41 16.511215
18.42 16.509611
18.43 16.508008
18.44 16.506406
18.45 16.504807
18.46 16.503209
18.47 16.501613
18.48 16.500018
18.49 16.498425
18.5 16.496835
18.51 16.495246
18.52 16.493658
18.53 16.492072
18.54 16.490487
18.55 16.488905
18.56 16.487325
18.57 16.485746
18.58 16.484168
18.59 16.482592
18.6 16.481019
18.61 16.479446
18.62 16.477876
18.63 16.476307
18.64 16.47474
18.65 16.473174
18.66 16.471611
18.67 16.470048
18.68 16.468488
18.69 16.466929
18.7 16.465372
18.71 16.463817
18.72 16.462263
18.73 16.460711
18.74 16.459161
18.75 16.457611
18.76 16.456065
18.77 16.454519
18.78 16.452975
18.79 16.451433
18.8 16.449892
18.81 16.448353
18.82 16.446816
18.83 16.44528
18.84 16.443746
18.85 16.442213
18.86 16.440683
18.87 16.439153
18.88 16.437626
18.89 16.4361
18.9 16.434576
18.91 16.433053
18.92 16.431532
18.93 16.430012
18.94 16.428494
18.95 16.426978
18.96 16.425464
18.97 16.42395
18.98 16.422439
18.99 16.420929
19 16.419421
19.01 16.417914
19.02 16.416409
19.03 16.414905
19.04 16.413403
19.05 16.411903
19.06 16.410404
19.07 16.408906
19.08 16.407411
19.09 16.405917
19.1 16.404424
19.11 16.402933
19.12 16.401444
19.13 16.399955
19.14 16.398469
19.15 16.396985
19.16 16.395502
19.17 16.39402
19.18 16.39254
19.19 16.391061
19.2 16.389584
19.21 16.388108
19.22 16.386634
19.23 16.385162
19.24 16.383691
19.25 16.382222
19.26 16.380754
19.27 16.379287
19.28 16.377823
19.29 16.376359
19.3 16.374898
19.31 16.373437
19.32 16.371979
19.33 16.370521
19.34 16.369065
19.35 16.367612
19.36 16.366159
19.37 16.364707
19.38 16.363257
19.39 16.361809
19.4 16.360362
19.41 16.358917
19.42 16.357474
19.43 16.356031
19.44 16.35459
19.45 16.353151
19.46 16.351713
19.47 16.350277
19.48 16.348842
19.49 16.347408
19.5 16.345976
19.51 16.344546
19.52 16.343117
19.53 16.341689
19.54 16.340263
19.55 16.338839
19.56 16.337416
19.57 16.335994
19.58 16.334574
19.59 16.333156
19.6 16.331737
19.61 16.330322
19.62 16.328907
19.63 16.327494
19.64 16.326083
19.65 16.324673
19.66 16.323263
19.67 16.321856
19.68 16.32045
19.69 16.319046
19.7 16.317643
19.71 16.316241
19.72 16.314841
19.73 16.313442
19.74 16.312045
19.75 16.310649
19.76 16.309254
19.77 16.307862
19.78 16.30647
19.79 16.305079
19.8 16.303691
19.81 16.302304
19.82 16.300917
19.83 16.299532
19.84 16.298149
19.85 16.296767
19.86 16.295387
19.87 16.294008
19.88 16.29263
19.89 16.291254
19.9 16.289879
19.91 16.288505
19.92 16.287133
19.93 16.285762
19.94 16.284393
19.95 16.283024
19.96 16.281658
19.97 16.280293
19.98 16.278929
19.99 16.277566
20 16.276235
20.01 16.274935
20.02 16.273635
20.03 16.272335
20.04 16.271035
20.05 16.269735
20.06 16.268435
20.07 16.267135
20.08 16.265835
20.09 16.264535
20.1 16.263235
20.11 16.261935
20.12 16.260635
20.13 16.259335
20.14 16.258035
20.15 16.256735
20.16 16.255435
20.17 16.254135
20.18 16.252835
20.19 16.251535
20.2 16.250235
20.21 16.248935
20.22 16.247635
20.23 16.246335
20.24 16.245035
20.25 16.243735
20.26 16.242435
20.27 16.241134
20.28 16.239834
20.29 16.238535
20.3 16.237236
20.31 16.235936
20.32 16.234635
20.33 16.233335
20.34 16.232035
20.35 16.230735
20.36 16.229435
20.37 16.228135
20.38 16.226835
20.39 16.225535
20.4 16.224235
20.41 16.222935
20.42 16.221635
20.43 16.220335
20.44 16.219035
20.45 16.217735
20.46 16.216435
20.47 16.215135
20.48 16.213835
20.49 16.212535
20.5 16.211235
20.51 16.209935
20.52 16.208635
20.53 16.207335
20.54 16.206035
20.55 16.204735
20.56 16.203435
20.57 16.202135
20.58 16.200835
20.59 16.199535
20.6 16.198235
20.61 16.196935
20.62 16.195635
20.63 16.194335
20.64 16.193035
20.65 16.191735
20.66 16.190435
20.67 16.189135
20.68 16.187835
20.69 16.186535
20.7 16.185235
20.71 16.183935
20.72 16.182635
20.73 16.181335
20.74 16.180035
20.75 16.178735
20.76 16.177435
20.77 16.176135
20.78 16.174835
20.79 16.173535
20.8 16.172235
20.81 16.170935
20.82 16.169635
20.83 16.168335
20.84 16.167035
20.85 16.165735
20.86 16.164435
20.87 16.163135
20.88 16.161835
20.89 16.160535
20.9 16.159235
20.91 16.157935
20.92 16.156635
20.93 16.155335
20.94 16.154035
20.95 16.152735
20.96 16.151435
20.97 16.150135
20.98 16.148835
20.99 16.147534
21 16.146234
21.01 16.144936
21.02 16.143636
21.03 16.142335
21.04 16.141035
21.05 16.139735
21.06 16.138435
21.07 16.137135
21.08 16.135835
21.09 16.134535
21.1 16.133235
21.11 16.131935
21.12 16.130635
21.13 16.129335
21.14 16.128035
21.15 16.126735
21.16 16.125435
21.17 16.124135
21.18 16.122835
21.19 16.121535
21.2 16.120235
21.21 16.118935
21.22 16.117635
21.23 16.116335
21.24 16.115035
21.25 16.113735
21.26 16.112435
21.27 16.111135
21.28 16.109835
21.29 16.108535
21.3 16.107235
21.31 16.105935
21.32 16.104635
21.33 16.103335
21.34 16.102035
21.35 16.100735
21.36 16.099435
21.37 16.098135
21.38 16.096835
21.39 16.095535
21.4 16.094235
21.41 16.092935
21.42 16.091635
21.43 16.090335
21.44 16.089035
21.45 16.087735
21.46 16.086435
21.47 16.085135
21.48 16.083835
21.49 16.082535
21.5 16.081235
21.51 16.079935
21.52 16.078635
21.53 16.077335
21.54 16.076035
21.55 16.074735
21.56 16.073435
21.57 16.072135
21.58 16.070835
21.59 16.069535
21.6 16.068235
21.61 16.066935
21.62 16.065635
21.63 16.064335
21.64 16.063035
21.65 16.061735
21.66 16.060435
21.67 16.059135
21.68 16.057835
21.69 16.056535
21.7 16.055234
21.71 16.053935
21.72 16.052635
21.73 16.051335
21.74 16.050035
21.75 16.048735
21.76 16.047435
21.77 16.046135
21.78 16.044835
21.79 16.043535
21.8 16.042235
21.81 16.040935
21.82 16.039635
21.83 16.038335
21.84 16.037035
21.85 16.035735
21.86 16.034435
21.87 16.033135
21.88 16.031835
21.89 16.030535
21.9 16.029235
21.91 16.027935
21.92 16.026635
21.93 16.025335
21.94 16.024035
21.95 16.022735
21.96 16.021435
21.97 16.020135
21.98 16.018835
21.99 16.017535
22 16.016235
22.01 16.014935
22.02 16.013635
22.03 16.012335
22.04 16.011035
22.05 16.009735
22.06 16.008435
22.07 16.007135
22.08 16.005835
22.09 16.004535
22.1 16.003235
22.11 16.001935
22.12 16.000635
22.13 15.999335
22.14 15.998035
22.15 15.996735
22.16 15.995435
22.17 15.994135
22.18 15.992835
22.19 15.991535
22.2 15.990235
22.21 15.988935
22.22 15.987635
22.23 15.986335
22.24 15.985035
22.25 15.983735
22.26 15.982435
22.27 15.981135
22.28 15.979835
22.29 15.978535
22.3 15.977235
22.31 15.975935
22.32 15.974635
22.33 15.973335
22.34 15.972035
22.35 15.970735
22.36 15.969435
22.37 15.968135
22.38 15.966835
22.39 15.965535
22.4 15.964235
22.41 15.962935
22.42 15.961635
22.43 15.960335
22.44 15.959035
22.45 15.957735
22.46 15.956435
22.47 15.955135
22.48 15.953835
22.49 15.952535
22.5 15.951235
22.51 15.949935
22.52 15.948635
22.53 15.947335
22.54 15.946035
22.55 15.944735
22.56 15.943435
22.57 15.942135
22.58 15.940835
22.59 15.939535
22.6 15.938235
22.61 15.936935
22.62 15.935635
22.63 15.934335
22.64 15.933035
22.65 15.931735
22.66 15.930435
22.67 15.929135
22.68 15.927835
22.69 15.926535
22.7 15.925235
22.71 15.923935
22.72 15.922635
22.73 15.921335
22.74 15.920035
22.75 15.918735
22.76 15.917435
22.77 15.916135
22.78 15.914835
22.79 15.913535
22.8 15.912235
22.81 15.910935
22.82 15.909635
22.83 15.908335
22.84 15.907035
22.85 15.905735
22.86 15.904435
22.87 15.903135
22.88 15.901835
22.89 15.900535
22.9 15.899235
22.91 15.897935
22.92 15.896635
22.93 15.895335
22.94 15.894035
22.95 15.892735
22.96 15.891435
22.97 15.890135
22.98 15.888835
22.99 15.887535
23 15.886235
23.01 15.884935
23.02 15.883635
23.03 15.882335
23.04 15.881035
23.05 15.879735
23.06 15.878435
23.07 15.877135
23.08 15.875835
23.09 15.874535
23.1 15.873235
23.11 15.871935
23.12 15.870635
23.13 15.869335
23.14 15.868035
23.15 15.866735
23.16 15.865434
23.17 15.864135
23.18 15.862835
23.19 15.861535
23.2 15.860235
23.21 15.858935
23.22 15.857635
23.23 15.856335
23.24 15.855035
23.25 15.853735
23.26 15.852435
23.27 15.851135
23.28 15.849835
23.29 15.848535
23.3 15.847235
23.31 15.845935
23.32 15.844635
23.33 15.843335
23.34 15.842035
23.35 15.840735
23.36 15.839435
23.37 15.838135
23.38 15.836835
23.39 15.835535
23.4 15.834235
23.41 15.832935
23.42 15.831635
23.43 15.830335
23.44 15.829035
23.45 15.827735
23.46 15.826435
23.47 15.825135
23.48 15.823835
23.49 15.822535
23.5 15.821235
23.51 15.819935
23.52 15.818635
23.53 15.817335
23.54 15.816035
23.55 15.814735
23.56 15.813435
23.57 15.812135
23.58 15.810835
23.59 15.809535
23.6 15.808235
23.61 15.806935
23.62 15.805635
23.63 15.804335
23.64 15.803035
23.65 15.801735
23.66 15.800435
23.67 15.799135
23.68 15.797835
23.69 15.796535
23.7 15.795235
23.71 15.793935
23.72 15.792635
23.73 15.791335
23.74 15.790035
23.75 15.788735
23.76 15.787435
23.77 15.786135
23.78 15.784835
23.79 15.783535
23.8 15.782235
23.81 15.780935
23.82 15.779635
23.83 15.778335
23.84 15.777035
23.85 15.775735
23.86 15.774435
23.87 15.773134
23.88 15.771835
23.89 15.770535
23.9 15.769236
23.91 15.767936
23.92 15.766635
23.93 15.765335
23.94 15.764035
23.95 15.762735
23.96 15.761435
23.97 15.760135
23.98 15.758835
23.99 15.757535
24 15.756235
24.01 15.754935
24.02 15.753635
24.03 15.752335
24.04 15.751035
24.05 15.749735
24.06 15.748435
24.07 15.747135
24.08 15.745835
24.09 15.744535
24.1 15.743235
24.11 15.741935
24.12 15.740635
24.13 15.739335
24.14 15.738035
24.15 15.736735
24.16 15.735435
24.17 15.734135
24.18 15.732835
24.19 15.731535
24.2 15.730235
24.21 15.728935
24.22 15.727635
24.23 15.726335
24.24 15.725035
24.25 15.723735
24.26 15.722435
24.27 15.721135
24.28 15.719835
24.29 15.718535
24.3 15.717235
24.31 15.715935
24.32 15.714635
24.33 15.713335
24.34 15.712035
24.35 15.710735
24.36 15.709435
24.37 15.708135
24.38 15.706835
24.39 15.705535
24.4 15.704235
24.41 15.702935
24.42 15.701635
24.43 15.700335
24.44 15.699035
24.45 15.697735
24.46 15.696435
24.47 15.695135
24.48 15.693835
24.49 15.692535
24.5 15.691235
24.51 15.689935
24.52 15.688635
24.53 15.687335
24.54 15.686035
24.55 15.684735
24.56 15.683435
24.57 15.682135
24.58 15.680835
24.59 15.679534
24.6 15.678234
24.61 15.676936
24.62 15.675636
24.63 15.674335
24.64 15.673035
24.65 15.671735
24.66 15.670435
24.67 15.669135
24.68 15.667835
24.69 15.666535
24.7 15.665235
24.71 15.663935
24.72 15.662635
24.73 15.661335
24.74 15.660035
24.75 15.658735
24.76 15.657435
24.77 15.656135
24.78 15.654835
24.79 15.653535
24.8 15.652235
24.81 15.650935
24.82 15.649635
24.83 15.648335
24.84 15.647035
24.85 15.645735
24.86 15.644435
24.87 15.643135
24.88 15.641835
24.89 15.640535
24.9 15.639235
24.91 15.637935
24.92 15.636635
24.93 15.635335
24.94 15.634035
24.95 15.632735
24.96 15.631435
24.97 15.630135
24.98 15.628835
24.99 15.627535
25 15.626235
25.01 15.624935
25.02 15.623635
25.03 15.622335
25.04 15.621035
25.05 15.619735
25.06 15.618435
25.07 15.617135
25.08 15.615835
25.09 15.614535
25.1 15.613235
25.11 15.611935
25.12 15.610635
25.13 15.609335
25.14 15.608035
25.15 15.606735
25.16 15.605435
25.17 15.604135
25.18 15.602835
25.19 15.601535
25.2 15.600235
25.21 15.598935
25.22 15.597635
25.23 15.596335
25.24 15.595035
25.25 15.593735
25.26 15.592435
25.27 15.591135
25.28 15.589835
25.29 15.588535
25.3 15.587234
25.31 15.585935
25.32 15.584635
25.33 15.583335
25.34 15.582035
25.35 15.580735
25.36 15.579435
25.37 15.578135
25.38 15.576835
25.39 15.575535
25.4 15.574235
25.41 15.572935
25.42 15.571635
25.43 15.570335
25.44 15.569035
25.45 15.567735
25.46 15.566435
25.47 15.565135
25.48 15.563835
25.49 15.562535
25.5 15.561235
25.51 15.559935
25.52 15.558635
25.53 15.557335
25.54 15.556035
25.55 15.554735
25.56 15.553435
25.57 15.552135
25.58 15.550835
25.59 15.549535
25.6 15.548235
25.61 15.546935
25.62 15.545635
25.63 15.544335
25.64 15.543035
25.65 15.541735
25.66 15.540435
25.67 15.539135
25.68 15.537835
25.69 15.536535
25.7 15.535235
25.71 15.533935
25.72 15.532635
25.73 15.531335
25.74 15.530035
25.75 15.528735
25.76 15.527435
25.77 15.526135
25.78 15.524835
25.79 15.523535
25.8 15.522235
25.81 15.520935
25.82 15.519635
25.83 15.518335
25.84 15.517035
25.85 15.515735
25.86 15.514435
25.87 15.513135
25.88 15.511835
25.89 15.510535
25.9 15.509235
25.91 15.507935
25.92 15.506635
25.93 15.505335
25.94 15.504035
25.95 15.502735
25.96 15.501435
25.97 15.500135
25.98 15.498835
25.99 15.497535
26 15.496235
26.01 15.494935
26.02 15.493635
26.03 15.492335
26.04 15.491035
26.05 15.489735
26.06 15.488435
26.07 15.487135
26.08 15.485835
26.09 15.484535
26.1 15.483235
26.11 15.481935
26.12 15.480635
26.13 15.479335
26.14 15.478035
26.15 15.476735
26.16 15.475435
26.17 15.474135
26.18 15.472835
26.19 15.471535
26.2 15.470235
26.21 15.468935
26.22 15.467635
26.23 15.466335
26.24 15.465035
26.25 15.463735
26.26 15.462435
26.27 15.461135
26.28 15.459835
26.29 15.458535
26.3 15.457235
26.31 15.455935
26.32 15.454635
26.33 15.453335
26.34 15.452035
26.35 15.450735
26.36 15.449435
26.37 15.448135
26.38 15.446835
26.39 15.445535
26.4 15.444235
26.41 15.442935
26.42 15.441635
26.43 15.440335
26.44 15.439035
26.45 15.437735
26.46 15.436435
26.47 15.435135
26.48 15.433835
26.49 15.432535
26.5 15.431235
26.51 15.429935
26.52 15.428635
26.53 15.427335
26.54 15.426035
26.55 15.424735
26.56 15.423435
26.57 15.422135
26.58 15.420835
26.59 15.419535
26.6 15.418235
26.61 15.416935
26.62 15.415635
26.63 15.414335
26.64 15.413035
26.65 15.411735
26.66 15.410435
26.67 15.409135
26.68 15.407835
26.69 15.406535
26.7 15.405235
26.71 15.403935
26.72 15.402635
26.73 15.401335
26.74 15.400035
26.75 15.398735
26.76 15.397434
26.77 15.396135
26.78 15.394835
26.79 15.393535
26.8 15.392235
26.81 15.390935
26.82 15.389635
26.83 15.388335
26.84 15.387035
26.85 15.385735
26.86 15.384435
26.87 15.383135
26.88 15.381835
26.89 15.380535
26.9 15.379235
26.91 15.377935
26.92 15.376635
26.93 15.375335
26.94 15.374035
26.95 15.372735
26.96 15.371435
26.97 15.370135
26.98 15.368835
26.99 15.367535
27 15.366235
27.01 15.364935
27.02 15.363635
27.03 15.362335
27.04 15.361035
27.05 15.359735
27.06 15.358435
27.07 15.357135
27.08 15.355835
27.09 15.354535
27.1 15.353235
27.11 15.351935
27.12 15.350635
27.13 15.349335
27.14 15.348035
27.15 15.346735
27.16 15.345435
27.17 15.344135
27.18 15.342835
27.19 15.341535
27.2 15.340235
27.21 15.338935
27.22 15.337635
27.23 15.336335
27.24 15.335035
27.25 15.333735
27.26 15.332435
27.27 15.331135
27.28 15.329835
27.29 15.328535
27.3 15.327235
27.31 15.325935
27.32 15.324635
27.33 15.323335
27.34 15.322035
27.35 15.320735
27.36 15.319435
27.37 15.318135
27.38 15.316835
27.39 15.315535
27.4 15.314235
27.41 15.312935
27.42 15.311635
27.43 15.310335
27.44 15.309035
27.45 15.307735
27.46 15.306435
27.47 15.305134
27.48 15.303835
27.49 15.302535
27.5 15.301236
27.51 15.299936
27.52 15.298635
27.53 15.297335
27.54 15.296035
27.55 15.294735
27.56 15.293435
27.57 15.292135
27.58 15.290835
27.59 15.289535
27.6 15.288235
27.61 15.286935
27.62 15.285635
27.63 15.284335
27.64 15.283035
27.65 15.281735
27.66 15.280435
27.67 15.279135
27.68 15.277835
27.69 15.276535
27.7 15.275235
27.71 15.273935
27.72 15.272635
27.73 15.271335
27.74 15.270035
27.75 15.268735
27.76 15.267435
27.77 15.266135
27.78 15.264835
27.79 15.263535
27.8 15.262235
27.81 15.260935
27.82 15.259635
27.83 15.258335
27.84 15.257035
27.85 15.255735
27.86 15.254435
27.87 15.253135
27.88 15.251835
27.89 15.250535
27.9 15.249235
27.91 15.247935
27.92 15.246635
27.93 15.245335
27.94 15.244035
27.95 15.242735
27.96 15.241435
27.97 15.240135
27.98 15.238835
27.99 15.237535
28 15.236235
28.01 15.234935
28.02 15.233635
28.03 15.232335
28.04 15.231035
28.05 15.229735
28.06 15.228435
28.07 15.227135
28.08 15.225835
28.09 15.224535
28.1 15.223235
28.11 15.221935
28.12 15.220635
28.13 15.219335
28.14 15.218035
28.15 15.216735
28.16 15.215435
28.17 15.214135
28.18 15.212834
28.19 15.211534
28.2 15.210234
28.21 15.208936
28.22 15.207636
28.23 15.206335
28.24 15.205035
28.25 15.203735
28.26 15.202435
28.27 15.201135
28.28 15.199835
28.29 15.198535
28.3 15.197235
28.31 15.195935
28.32 15.194635
28.33 15.193335
28.34 15.192035
28.35 15.190735
28.36 15.189435
28.37 15.188135
28.38 15.186835
28.39 15.185535
28.4 15.184235
28.41 15.182935
28.42 15.181635
28.43 15.180335
28.44 15.179035
28.45 15.177735
28.46 15.176435
28.47 15.175135
28.48 15.173835
28.49 15.172535
28.5 15.171235
28.51 15.169935
28.52 15.168635
28.53 15.167335
28.54 15.166035
28.55 15.164735
28.56 15.163435
28.57 15.162135
28.58 15.160835
28.59 15.159535
28.6 15.158235
28.61 15.156935
28.62 15.155635
28.63 15.154335
28.64 15.153035
28.65 15.151735
28.66 15.150435
28.67 15.149135
28.68 15.147835
28.69 15.146535
28.7 15.145235
28.71 15.143935
28.72 15.142635
28.73 15.141335
28.74 15.140035
28.75 15.138735
28.76 15.137435
28.77 15.136135
28.78 15.134835
28.79 15.133535
28.8 15.132235
28.81 15.130935
28.82 15.129635
28.83 15.128335
28.84 15.127035
28.85 15.125735
28.86 15.124435
28.87 15.123135
28.88 15.121835
28.89 15.120535
28.9 15.119234
28.91 15.117935
28.92 15.116635
28.93 15.115336
28.94 15.114035
28.95 15.112735
28.96 15.111435
28.97 15.110135
28.98 15.108835
28.99 15.107535
29 15.106235
29.01 15.104935
29.02 15.103635
29.03 15.102335
29.04 15.101035
29.05 15.099735
29.06 15.098435
29.07 15.097135
29.08 15.095835
29.09 15.094535
29.1 15.093235
29.11 15.091935
29.12 15.090635
29.13 15.089335
29.14 15.088035
29.15 15.086735
29.16 15.085435
29.17 15.084135
29.18 15.082835
29.19 15.081535
29.2 15.080235
29.21 15.078935
29.22 15.077635
29.23 15.076335
29.24 15.075035
29.25 15.073735
29.26 15.072435
29.27 15.071135
29.28 15.069835
29.29 15.068535
29.3 15.067235
29.31 15.065935
29.32 15.064635
29.33 15.063335
29.34 15.062035
29.35 15.060735
29.36 15.059435
29.37 15.058135
29.38 15.056835
29.39 15.055535
29.4 15.054235
29.41 15.052935
29.42 15.051635
29.43 15.050335
29.44 15.049035
29.45 15.047735
29.46 15.046435
29.47 15.045135
29.48 15.043835
29.49 15.042535
29.5 15.041235

