0.5 0
0.51 0
0.52 0
0.53 0
0.54 0
0.55 0
0.56 0
0.57 0
0.58 0
0.59 0
0.6 0
0.61 0
0.62 0
0.63 0
0.64 0
0.65 0
0.66 0
0.67 0
0.68 0
0.69 0
0.7 0
0.71 0
0.72 0
0.73 0
0.74 0
0.75 0
0.76 0
0.77 0
0.78 0
0.79 0
0.8 0
0.81 0
0.82 0
0.83 0
0.84 0
0.85 0
0.86 0
0.87 0
0.88 0
0.89 0
0.9 0
0.91 0
0.92 0
0.93 0
0.94 0
0.95 0
0.96 0
0.97 0
0.98 0
0.99 0
1 0
1.01 0
1.02 0
1.03 0
1.04 0
1.05 0
1.06 0
1.07 0
1.08 0
1.09 0
1.1 0
1.11 0
1.12 0
1.13 0
1.14 0
1.15 0
1.16 0
1.17 0
1.18 0
1.19 0
1.2 0
1.21 0
1.22 0
1.23 0
1.24 0
1.25 0
1.26 0
1.27 0
1.28 0
1.29 0
1.3 0
1.31 0
1.32 0
1.33 0
1.34 0
1.35 0
1.36 0
1.37 0
1.38 0
1.39 0
1.4 0
1.41 0
1.42 0
1.43 0
1.44 0
1.45 0
1.46 0
1.47 0
1.48 0
1.49 0
1.5 0
1.51 0
1.52 0
1.53 0
1.54 0
1.55 0
1.56 0
1.57 0
1.58 0
1.59 0
1.6 0
1.61 0
1.62 0
1.63 0
1.64 0
1.65 0
1.66 0
1.67 0
1.68 0
1.69 0
1.7 0
1.71 0
1.72 0
1.73 0
1.74 0
1.75 0
1.76 0
1.77 0
1.78 0
1.79 0
1.8 0
1.81 0
1.82 0
1.83 0
1.84 0
1.85 0
1.86 0
1.87 0
1.88 0
1.89 0
1.9 0
1.91 0
1.92 0
1.93 0
1.94 0
1.95 0
1.96 0
1.97 0
1.98 0
1.99 0
2 0
2.01 0
2.02 0
2.03 0
2.04 0
2.05 0
2.06 0
2.07 0
2.08 0
2.09 0
2.1 0
2.11 0
2.12 0
2.13 0
2.14 0
2.15 0
2.16 0
2.17 0
2.18 0
2.19 0
2.2 0
2.21 0
2.22 0
2.23 0
2.24 0
2.25 0
2.26 0
2.27 0
2.28 0
2.29 0
2.3 0
2.31 0
2.32 0
2.33 0
2.34 0
2.35 0
2.36 0
2.37 0
2.38 0
2.39 0
2.4 0
2.41 0
2.42 0
2.43 0
2.44 0
2.45 0
2.46 0
2.47 0
2.48 0
2.49 0
2.5 0
2.51 0
2.52 0
2.53 0
2.54 0
2.55 0
2.56 0
2.57 0
2.58 0
2.59 0
2.6 0
2.61 0
2.62 0
2.63 0
2.64 0
2.65 0
2.66 0
2.67 0
2.68 0
2.69 0
2.7 0
2.71 0
2.72 0
2.73 0
2.74 0
2.75 0
2.76 0
2.77 0
2.78 0
2.79 0
2.8 0
2.81 0
2.82 0
2.83 0
2.84 0
2.85 0
2.86 0
2.87 0
2.88 0
2.89 0
2.9 0
2.91 0
2.92 0
2.93 0
2.94 0
2.95 0
2.96 0
2.97 0
2.98 0
2.99 0
3 0
3.01 0
3.02 0
3.03 0
3.04 0
3.05 0
3.06 0
3.07 0
3.08 0
3.09 0
3.1 0
3.11 0
3.12 0
3.13 0
3.14 0
3.15 0
3.16 0
3.17 0
3.18 0
3.19 0
3.2 0
3.21 0
3.22 0
3.23 0
3.24 0
3.25 0
3.26 0
3.27 0
3.28 0
3.29 0
3.3 0
3.31 0
3.32 0
3.33 0
3.34 0
3.35 0
3.36 0
3.37 0
3.38 0
3.39 0
3.4 0
3.41 0
3.42 0
3.43 0
3.44 0
3.45 0
3.46 0
3.47 0
3.48 0
3.49 0
3.5 0
3.51 0
3.52 0
3.53 0
3.54 0
3.55 0
3.56 0
3.57 0
3.58 0
3.59 0
3.6 0
3.61 0
3.62 0
3.63 0
3.64 0
3.65 0
3.66 0
3.67 0
3.68 0
3.69 0
3.7 0
3.71 0
3.72 0
3.73 0
3.74 0
3.75 0
3.76 0
3.77 0
3.78 0
3.79 0
3.8 0
3.81 0
3.82 0
3.83 0
3.84 0
3.85 0
3.86 0
3.87 0
3.88 0
3.89 0
3.9 0
3.91 0
3.92 0
3.93 0
3.94 0
3.95 0
3.96 0
3.97 0
3.98 0
3.99 0
4 0
4.01 0
4.02 0
4.03 0
4.04 0
4.05 0
4.06 0
4.07 0
4.08 0
4.09 0
4.1 0
4.11 0
4.12 0
4.13 0
4.14 0
4.15 0
4.16 0
4.17 0
4.18 0
4.19 0
4.2 0
4.21 0
4.22 0
4.23 0
4.24 0
4.25 0
4.26 0
4.27 0
4.28 0
4.29 0
4.3 0
4.31 0
4.32 0
4.33 0
4.34 0
4.35 0
4.36 0
4.37 0
4.38 0
4.39 0
4.4 0
4.41 0
4.42 0
4.43 0
4.44 0
4.45 0
4.46 0
4.47 0
4.48 0
4.49 0
4.5 0
4.51 0
4.52 0
4.53 0
4.54 0
4.55 0
4.56 0
4.57 0
4.58 0
4.59 0
4.6 0
4.61 0
4.62 0
4.63 0
4.64 0
4.65 0
4.66 0
4.67 0
4.68 0
4.69 0
4.7 0
4.71 0
4.72 0
4.73 0
4.74 0
4.75 0
4.76 0
4.77 0
4.78 0
4.79 0
4.8 0
4.81 0
4.82 0
4.83 0
4.84 0
4.85 0
4.86 0
4.87 0
4.88 0
4.89 0
4.9 0
4.91 0
4.92 0
4.93 0
4.94 0
4.95 0
4.96 0
4.97 0
4.98 0
4.99 0
5 0
5.01 0
5.02 0
5.03 0
5.04 0
5.05 0
5.06 0
5.07 0
5.08 0
5.09 0
5.1 0
5.11 0
5.12 0
5.13 0
5.14 0
5.15 0
5.16 0
5.17 0
5.18 0
5.19 0
5.2 0
5.21 0
5.22 0
5.23 0
5.24 0
5.25 0
5.26 0
5.27 0
5.28 0
5.29 0
5.3 0
5.31 0
5.32 0
5.33 0
5.34 0
5.35 0
5.36 0
5.37 0
5.38 0
5.39 0
5.4 0
5.41 0
5.42 0
5.43 0
5.44 0
5.45 0
5.46 0
5.47 0
5.48 0
5.49 0
5.5 0
5.51 0
5.52 0
5.53 0
5.54 0
5.55 0
5.56 0
5.57 0
5.58 0
5.59 0
5.6 0
5.61 0
5.62 0
5.63 0
5.64 0
5.65 0
5.66 0
5.67 0
5.68 0
5.69 0
5.7 0
5.71 0
5.72 0
5.73 0
5.74 0
5.75 0
5.76 0
5.77 0
5.78 0
5.79 0
5.8 0
5.81 0
5.82 0
5.83 0
5.84 0
5.85 0
5.86 0
5.87 0
5.88 0
5.89 0
5.9 0
5.91 0
5.92 0
5.93 0
5.94 0
5.95 0
5.96 0
5.97 0
5.98 0
5.99 0
6 0
6.01 0
6.02 0
6.03 0
6.04 0
6.05 0
6.06 0
6.07 0
6.08 0
6.09 0
6.1 0
6.11 0
6.12 0
6.13 0
6.14 0
6.15 0
6.16 0
6.17 0
6.18 0
6.19 0
6.2 0
6.21 0
6.22 0
6.23 0
6.24 0
6.25 0
6.26 0
6.27 0
6.28 0
6.29 0
6.3 0
6.31 0
6.32 0
6.33 0
6.34 0
6.35 0
6.36 0
6.37 0
6.38 0
6.39 0
6.4 0
6.41 0
6.42 0
6.43 0
6.44 0
6.45 0
6.46 0
6.47 0
6.48 0
6.49 0
6.5 0
6.51 0
6.52 0
6.53 0
6.54 0
6.55 0
6.56 0
6.57 0
6.58 0
6.59 0
6.6 0
6.61 0
6.62 0
6.63 0
6.64 0
6.65 0
6.66 0
6.67 0
6.68 0
6.69 0
6.7 0
6.71 0
6.72 0
6.73 0
6.74 0
6.75 0
6.76 0
6.77 0
6.78 0
6.79 0
6.8 0
6.81 0
6.82 0
6.83 0
6.84 0
6.85 0
6.86 0
6.87 0
6.88 0
6.89 0
6.9 0
6.91 0
6.92 0
6.93 0
6.94 0
6.95 0
6.96 0
6.97 0
6.98 0
6.99 0
7 0
7.01 0
7.02 0
7.03 0
7.04 0
7.05 0
7.06 0
7.07 0
7.08 0
7.09 0
7.1 0
7.11 0
7.12 0
7.13 0
7.14 0
7.15 0
7.16 0
7.17 0
7.18 0
7.19 0
7.2 0
7.21 0
7.22 0
7.23 0
7.24 0
7.25 0
7.26 0
7.27 0
7.28 0
7.29 0
7.3 0
7.31 0
7.32 0
7.33 0
7.34 0
7.35 0
7.36 0
7.37 0
7.38 0
7.39 0
7.4 0
7.41 0
7.42 0
7.43 0
7.44 0
7.45 0
7.46 0
7.47 0
7.48 0
7.49 0
7.5 0
7.51 0
7.52 0
7.53 0
7.54 0
7.55 0
7.56 0
7.57 0
7.58 0
7.59 0
7.6 0
7.61 0
7.62 0
7.63 0
7.64 0
7.65 0
7.66 0
7.67 0
7.68 0
7.69 0
7.7 0
7.71 0
7.72 0
7.73 0
7.74 0
7.75 0
7.76 0
7.77 0
7.78 0
7.79 0
7.8 0
7.81 0
7.82 0
7.83 0
7.84 0
7.85 0
7.86 0
7.87 0
7.88 0
7.89 0
7.9 0
7.91 0
7.92 0
7.93 0
7.94 0
7.95 0
7.96 0
7.97 0
7.98 0
7.99 0
8 0
8.01 3.7766354e-05
8.02 0.0010706694
8.03 0.0021541877
8.04 0.0032568082
8.05 0.004383882
8.06 0.0055238286
8.07 0.0066853249
8.08 0.0078676568
8.09 0.0090620794
8.1 0.010280513
8.11 0.011515964
8.12 0.012762849
8.13 0.01403631
8.14 0.015322819
8.15 0.016621521
8.16 0.017946696
8.17 0.019282084
8.18 0.020632446
8.19 0.022005807
8.2 0.023388253
8.21 0.024788412
8.22 0.026207673
8.23 0.027635302
8.24 0.029083407
8.25 0.030546616
8.26 0.032017322
8.27 0.033511421
8.28 0.035016274
8.29 0.036528562
8.3 0.038066271
8.31 0.039610469
8.32 0.041164953
8.33 0.04274116
8.34 0.044322629
8.35 0.045917533
8.36 0.047530029
8.37 0.049146126
8.38 0.050779082
8.39 0.052425196
8.4 0.054073942
8.41 0.055742634
8.42 0.057418969
8.43 0.059097919
8.44 0.060799461
8.45 0.062503407
8.46 0.064211754
8.47 0.065939973
8.48 0.067668249
8.49 0.069404254
8.5 0.071155443
8.51 0.072904093
8.52 0.074663634
8.53 0.076432802
8.54 0.078198408
8.55 0.079977833
8.56 0.081760604
8.57 0.083537679
8.58 0.085331429
8.59 0.087122298
8.6 0.088907549
8.61 0.090708454
8.62 0.092499544
8.63 0.094289248
8.64 0.096088021
8.65 0.097873728
8.66 0.099659888
8.67 0.10144665
8.68 0.10321898
8.69 0.1049927
8.7 0.10675939
8.71 0.10850724
8.72 0.11025676
8.73 0.11199092
8.74 0.11370497
8.75 0.11541848
8.76 0.11710683
8.77 0.11877383
8.78 0.12043186
8.79 0.12206075
8.8 0.12366676
8.81 0.12525431
8.82 0.12680288
8.83 0.12832882
8.84 0.12982657
8.85 0.13127928
8.86 0.13270485
8.87 0.13408662
8.88 0.13542374
8.89 0.13672532
8.9 0.13797344
8.91 0.13916904
8.92 0.14031736
8.93 0.14140754
8.94 0.14244107
8.95 0.14341749
8.96 0.14432364
8.97 0.14516613
8.98 0.1459414
8.99 0.1466457
9 0.14727811
9.01 0.1478349
9.02 0.14831108
9.03 0.14870841
9.04 0.14902955
9.05 0.149265
9.06 0.14941812
9.07 0.14948203
9.08 0.14946638
9.09 0.1493667
9.1 0.14917695
9.11 0.14890313
9.12 0.14854263
9.13 0.14810068
9.14 0.14757538
9.15 0.146968
9.16 0.14627698
9.17 0.14550623
9.18 0.14466044
9.19 0.14374063
9.2 0.14274759
9.21 0.14168168
9.22 0.14054706
9.23 0.13934854
9.24 0.13808792
9.25 0.13676653
9.26 0.13539119
9.27 0.13395459
9.28 0.13247141
9.29 0.1309435
9.3 0.12936146
9.31 0.12774397
9.32 0.1260834
9.33 0.12438233
9.34 0.12265523
9.35 0.12089017
9.36 0.11909222
9.37 0.11727523
9.38 0.11542738
9.39 0.11355741
9.4 0.11167323
9.41 0.10976135
9.42 0.10783713
9.43 0.10590117
9.44 0.10394429
9.45 0.1019837
9.46 0.10001182
9.47 0.098023246
9.48 0.096039479
9.49 0.094044885
9.5 0.092039151
9.51 0.090042315
9.52 0.088034154
9.53 0.086023816
9.54 0.084021575
9.55 0.082010297
9.56 0.08000336
9.57 0.078002316
9.58 0.075995166
9.59 0.073998295
9.6 0.072005047
9.61 0.070007697
9.62 0.06802569
9.63 0.06604474
9.64 0.064063019
9.65 0.062099273
9.66 0.060134416
9.67 0.058173971
9.68 0.056228961
9.69 0.05428368
9.7 0.052347332
9.71 0.050423371
9.72 0.048499939
9.73 0.046589483
9.74 0.044688506
9.75 0.042788882
9.76 0.040905647
9.77 0.039028722
9.78 0.037154475
9.79 0.035299161
9.8 0.033447269
9.81 0.031601368
9.82 0.029772253
9.83 0.027946234
9.84 0.0261296
9.85 0.024326806
9.86 0.022527293
9.87 0.020739979
9.88 0.018963614
9.89 0.017190962
9.9 0.015432881
9.91 0.013682992
9.92 0.0119373
9.93 0.010208277
9.94 0.0084847616
9.95 0.0067670818
9.96 0.0050654924
9.97 0.0033682664
9.98 0.001679436
9.99 0.00030853154
10 3.8061859e-17
10.01 3.836275e-17
10.02 3.866369e-17
10.03 3.8964579e-17
10.04 3.9265415e-17
10.05 3.9566205e-17
10.06 3.9866966e-17
10.07 4.0167615e-17
10.08 4.0468179e-17
10.09 4.0768628e-17
10.1 4.1069007e-17
10.11 4.1369224e-17
10.12 4.1669272e-17
10.13 4.1969186e-17
10.14 4.2268933e-17
10.15 4.2568482e-17
10.16 4.286782e-17
10.17 4.3167007e-17
10.18 4.3465941e-17
10.19 4.3764679e-17
10.2 4.4063217e-17
10.21 4.4361419e-17
10.22 4.465945e-17
10.23 4.4957198e-17
10.24 4.5254709e-17
10.25 4.5551969e-17
10.26 4.5848922e-17
10.27 4.6145535e-17
10.28 4.6441902e-17
10.29 4.6738016e-17
10.3 4.7033741e-17
10.31 4.7329191e-17
10.32 4.7624345e-17
10.33 4.7919172e-17
10.34 4.8213711e-17
10.35 4.850784e-17
10.36 4.8801635e-17
10.37 4.9095156e-17
10.38 4.9388281e-17
10.39 4.9681049e-17
10.4 4.9973482e-17
10.41 5.0265533e-17
10.42 5.055727e-17
10.43 5.0848628e-17
10.44 5.1139593e-17
10.45 5.1430222e-17
10.46 5.1720458e-17
10.47 5.2010275e-17
10.48 5.2299796e-17
10.49 5.2588853e-17
10.5 5.2877527e-17
10.51 5.3165872e-17
10.52 5.3453761e-17
10.53 5.3741283e-17
10.54 5.4028471e-17
10.55 5.4315036e-17
10.56 5.4601362e-17
10.57 5.488737e-17
10.58 5.517283e-17
10.59 5.5457959e-17
10.6 5.5742643e-17
10.61 5.602691e-17
10.62 5.6310827e-17
10.63 5.6594254e-17
10.64 5.6877281e-17
10.65 5.7159937e-17
10.66 5.7442137e-17
10.67 5.7723896e-17
10.68 5.8005272e-17
10.69 5.828616e-17
10.7 5.8566671e-17
10.71 5.8846901e-17
10.72 5.9126542e-17
10.73 5.940577e-17
10.74 5.9684596e-17
10.75 5.9962965e-17
10.76 6.024097e-17
10.77 6.0518506e-17
10.78 6.0795577e-17
10.79 6.1072356e-17
10.8 6.1348558e-17
10.81 6.1624397e-17
10.82 6.1899827e-17
10.83 6.2174744e-17
10.84 6.2449306e-17
10.85 6.2723471e-17
10.86 6.2997098e-17
10.87 6.3270347e-17
10.88 6.354321e-17
10.89 6.381556e-17
10.9 6.4087562e-17
10.91 6.4359063e-17
10.92 6.4630069e-17
10.93 6.4900782e-17
10.94 6.5170977e-17
10.95 6.5440782e-17
10.96 6.5710188e-17
10.97 6.5979029e-17
10.98 6.6247547e-17
10.99 6.6515717e-17
11 6.678324e-17
11.01 6.7050461e-17
11.02 6.7317276e-17
11.03 6.7583543e-17
11.04 6.7849545e-17
11.05 6.8115012e-17
11.06 6.8380023e-17
11.07 6.86447e-17
11.08 6.8908847e-17
11.09 6.9172586e-17
11.1 6.9435985e-17
11.11 6.9698877e-17
11.12 6.996137e-17
11.13 7.0223437e-17
11.14 7.0484982e-17
11.15 7.0746199e-17
11.16 7.1007075e-17
11.17 7.1267305e-17
11.18 7.1527278e-17
11.19 7.1786809e-17
11.2 7.2045866e-17
11.21 7.2304509e-17
11.22 7.2562747e-17
11.23 7.2820542e-17
11.24 7.3077961e-17
11.25 7.3334888e-17
11.26 7.3591425e-17
11.27 7.3847589e-17
11.28 7.4103247e-17
11.29 7.435852e-17
11.3 7.4613486e-17
11.31 7.4867849e-17
11.32 7.5121903e-17
11.33 7.5375568e-17
11.34 7.562871e-17
11.35 7.5881521e-17
11.36 7.6133906e-17
11.37 7.6385823e-17
11.38 7.6637442e-17
11.39 7.6888496e-17
11.4 7.7139207e-17
11.41 7.7389573e-17
11.42 7.7639455e-17
11.43 7.788895e-17
11.44 7.8138092e-17
11.45 7.8386673e-17
11.46 7.863498e-17
11.47 7.8882904e-17
11.48 7.9130283e-17
11.49 7.9377369e-17
11.5 7.9623982e-17
11.51 7.987021e-17
11.52 8.0116116e-17
11.53 8.0361523e-17
11.54 8.0606528e-17
11.55 8.0851212e-17
11.56 8.1095392e-17
11.57 8.1339187e-17
11.58 8.1582785e-17
11.59 8.1825668e-17
11.6 8.2068292e-17
11.61 8.2310639e-17
11.62 8.2552399e-17
11.63 8.2793866e-17
11.64 8.3034937e-17
11.65 8.3275586e-17
11.66 8.3515923e-17
11.67 8.3755798e-17
11.68 8.3995226e-17
11.69 8.4234361e-17
11.7 8.4473059e-17
11.71 8.4711395e-17
11.72 8.4949393e-17
11.73 8.5186837e-17
11.74 8.5423988e-17
11.75 8.5660857e-17
11.76 8.5897199e-17
11.77 8.6133215e-17
11.78 8.6368858e-17
11.79 8.6604055e-17
11.8 8.6838954e-17
11.81 8.7073456e-17
11.82 8.7307489e-17
11.83 8.7541265e-17
11.84 8.7774576e-17
11.85 8.8007509e-17
11.86 8.8240199e-17
11.87 8.8472343e-17
11.88 8.8704161e-17
11.89 8.8935693e-17
11.9 8.9166741e-17
11.91 8.9397464e-17
11.92 8.9627832e-17
11.93 8.9857771e-17
11.94 9.0087415e-17
11.95 9.031667e-17
11.96 9.0545456e-17
11.97 9.0773971e-17
11.98 9.1002103e-17
11.99 9.1229866e-17
12 9.1457342e-17
12.01 9.1684307e-17
12.02 9.1910959e-17
12.03 9.2137332e-17
12.04 9.2363235e-17
12.05 9.2588799e-17
12.06 9.2814067e-17
12.07 9.3038893e-17
12.08 9.3263381e-17
12.09 9.3487596e-17
12.1 9.3711314e-17
12.11 9.3934776e-17
12.12 9.4157838e-17
12.13 9.4380554e-17
12.14 9.4602919e-17
12.15 9.4824932e-17
12.16 9.5046566e-17
12.17 9.5267893e-17
12.18 9.5488842e-17
12.19 9.5709399e-17
12.2 9.5929694e-17
12.21 9.6149582e-17
12.22 9.6369158e-17
12.23 9.6588376e-17
12.24 9.6807184e-17
12.25 9.7025674e-17
12.26 9.7243877e-17
12.27 9.7461672e-17
12.28 9.7679206e-17
12.29 9.7896288e-17
12.3 9.811306e-17
12.31 9.8329565e-17
12.32 9.8545648e-17
12.33 9.8761401e-17
12.34 9.8976925e-17
12.35 9.9191891e-17
12.36 9.940666e-17
12.37 9.9621133e-17
12.38 9.983514e-17
12.39 1.0004888e-16
12.4 1.0026228e-16
12.41 1.0047532e-16
12.42 1.0068811e-16
12.43 1.0090047e-16
12.44 1.0111253e-16
12.45 1.0132426e-16
12.46 1.0153566e-16
12.47 1.0174672e-16
12.48 1.0195748e-16
12.49 1.0216783e-16
12.5 1.0237791e-16
12.51 1.0258773e-16
12.52 1.0279708e-16
12.53 1.0300616e-16
12.54 1.0321491e-16
12.55 1.0342331e-16
12.56 1.0363147e-16
12.57 1.0383919e-16
12.58 1.0404662e-16
12.59 1.0425378e-16
12.6 1.0446049e-16
12.61 1.0466691e-16
12.62 1.0487306e-16
12.63 1.0507875e-16
12.64 1.0528417e-16
12.65 1.054893e-16
12.66 1.056939e-16
12.67 1.0589826e-16
12.68 1.061022e-16
12.69 1.0630562e-16
12.7 1.0650869e-16
12.71 1.0671104e-16
12.72 1.069126e-16
12.73 1.0711291e-16
12.74 1.0731015e-16
12.75 1.0749642e-16
12.76 1.076574e-16
12.77 1.0771172e-16
12.78 1.0772642e-16
12.79 1.0772582e-16
12.8 1.0772174e-16
12.81 1.0771674e-16
12.82 1.0771117e-16
12.83 1.0770524e-16
12.84 1.0769911e-16
12.85 1.0769293e-16
12.86 1.0768668e-16
12.87 1.0768037e-16
12.88 1.0767404e-16
12.89 1.0766768e-16
12.9 1.0766139e-16
12.91 1.0765505e-16
12.92 1.0764872e-16
12.93 1.0764235e-16
12.94 1.0763606e-16
12.95 1.076298e-16
12.96 1.076235e-16
12.97 1.0761727e-16
12.98 1.0761102e-16
12.99 1.0760483e-16
13 1.0759865e-16
13.01 1.0759246e-16
13.02 1.0758631e-16
13.03 1.0758016e-16
13.04 1.0757403e-16
13.05 1.0756797e-16
13.06 1.0756191e-16
13.07 1.0755589e-16
13.08 1.0754985e-16
13.09 1.0754387e-16
13.1 1.0753789e-16
13.11 1.0753197e-16
13.12 1.0752601e-16
13.13 1.0752008e-16
13.14 1.0751424e-16
13.15 1.0750837e-16
13.16 1.0750252e-16
13.17 1.0749674e-16
13.18 1.0749092e-16
13.19 1.0748517e-16
13.2 1.0747941e-16
13.21 1.0747366e-16
13.22 1.0746798e-16
13.23 1.0746231e-16
13.24 1.0745668e-16
13.25 1.0745104e-16
13.26 1.0744548e-16
13.27 1.0743986e-16
13.28 1.0743428e-16
13.29 1.0742877e-16
13.3 1.0742321e-16
13.31 1.0741773e-16
13.32 1.0741229e-16
13.33 1.0740684e-16
13.34 1.0740137e-16
13.35 1.0739595e-16
13.36 1.0739056e-16
13.37 1.0738519e-16
13.38 1.0737985e-16
13.39 1.0737456e-16
13.4 1.0736926e-16
13.41 1.0736393e-16
13.42 1.0735866e-16
13.43 1.0735341e-16
13.44 1.0734819e-16
13.45 1.0734303e-16
13.46 1.0733785e-16
13.47 1.0733266e-16
13.48 1.0732756e-16
13.49 1.0732241e-16
13.5 1.073173e-16
13.51 1.0731227e-16
13.52 1.0730723e-16
13.53 1.0730214e-16
13.54 1.0729714e-16
13.55 1.0729216e-16
13.56 1.0728716e-16
13.57 1.0728222e-16
13.58 1.0727727e-16
13.59 1.0727232e-16
13.6 1.0726743e-16
13.61 1.0726254e-16
13.62 1.0725769e-16
13.63 1.0725286e-16
13.64 1.0724803e-16
13.65 1.0724324e-16
13.66 1.0723846e-16
13.67 1.0723367e-16
13.68 1.0722889e-16
13.69 1.0722419e-16
13.7 1.0721948e-16
13.71 1.0721478e-16
13.72 1.0721011e-16
13.73 1.0720546e-16
13.74 1.0720082e-16
13.75 1.0719618e-16
13.76 1.0719158e-16
13.77 1.0718702e-16
13.78 1.0718243e-16
13.79 1.0717788e-16
13.8 1.0717337e-16
13.81 1.0716885e-16
13.82 1.0716433e-16
13.83 1.0715984e-16
13.84 1.0715541e-16
13.85 1.0715098e-16
13.86 1.071465e-16
13.87 1.0714214e-16
13.88 1.0713775e-16
13.89 1.0713334e-16
13.9 1.0712898e-16
13.91 1.0712463e-16
13.92 1.0712034e-16
13.93 1.0711602e-16
13.94 1.0711171e-16
13.95 1.0710744e-16
13.96 1.071032e-16
13.97 1.0709891e-16
13.98 1.0709473e-16
13.99 1.0709053e-16
14 1.0708626e-16
14.01 1.0708214e-16
14.02 1.0707796e-16
14.03 1.0707381e-16
14.04 1.0706971e-16
14.05 1.0706559e-16
14.06 1.070615e-16
14.07 1.0705742e-16
14.08 1.0705335e-16
14.09 1.0704925e-16
14.1 1.0704523e-16
14.11 1.0704117e-16
14.12 1.0703721e-16
14.13 1.0703319e-16
14.14 1.0702922e-16
14.15 1.0702527e-16
14.16 1.0702132e-16
14.17 1.070174e-16
14.18 1.0701347e-16
14.19 1.0700958e-16
14.2 1.0700567e-16
14.21 1.0700181e-16
14.22 1.0699795e-16
14.23 1.0699414e-16
14.24 1.0699031e-16
14.25 1.0698649e-16
14.26 1.069827e-16
14.27 1.069789e-16
14.28 1.069751e-16
14.29 1.0697139e-16
14.3 1.0696761e-16
14.31 1.0696385e-16
14.32 1.0696018e-16
14.33 1.0695649e-16
14.34 1.0695277e-16
14.35 1.069491e-16
14.36 1.0694547e-16
14.37 1.069418e-16
14.38 1.0693818e-16
14.39 1.0693452e-16
14.4 1.0693097e-16
14.41 1.0692736e-16
14.42 1.0692379e-16
14.43 1.069202e-16
14.44 1.0691665e-16
14.45 1.0691308e-16
14.46 1.0690961e-16
14.47 1.0690606e-16
14.48 1.0690259e-16
14.49 1.0689909e-16
14.5 1.0689561e-16
14.51 1.0689213e-16
14.52 1.0688866e-16
14.53 1.0688521e-16
14.54 1.0688184e-16
14.55 1.0687842e-16
14.56 1.0687505e-16
14.57 1.0687166e-16
14.58 1.0686829e-16
14.59 1.0686488e-16
14.6 1.0686155e-16
14.61 1.0685822e-16
14.62 1.0685485e-16
14.63 1.0685158e-16
14.64 1.0684828e-16
14.65 1.0684499e-16
14.66 1.0684174e-16
14.67 1.0683848e-16
14.68 1.0683523e-16
14.69 1.0683196e-16
14.7 1.0682876e-16
14.71 1.0682551e-16
14.72 1.068223e-16
14.73 1.0681914e-16
14.74 1.0681592e-16
14.75 1.0681276e-16
14.76 1.068096e-16
14.77 1.0680647e-16
14.78 1.0680334e-16
14.79 1.0680022e-16
14.8 1.067971e-16
14.81 1.0679402e-16
14.82 1.0679087e-16
14.83 1.0678784e-16
14.84 1.0678473e-16
14.85 1.0678167e-16
14.86 1.0677863e-16
14.87 1.0677561e-16
14.88 1.0677257e-16
14.89 1.0676957e-16
14.9 1.0676654e-16
14.91 1.0676354e-16
14.92 1.0676055e-16
14.93 1.067576e-16
14.94 1.0675467e-16
14.95 1.0675173e-16
14.96 1.0674879e-16
14.97 1.0674585e-16
14.98 1.0674286e-16
14.99 1.0673986e-16
15 1.0673687e-16
15.01 1.0673534e-16
15.02 1.0673534e-16
15.03 1.0673532e-16
15.04 1.0673538e-16
15.05 1.0673532e-16
15.06 1.0673532e-16
15.07 1.0673533e-16
15.08 1.0673536e-16
15.09 1.0673532e-16
15.1 1.0673537e-16
15.11 1.0673534e-16
15.12 1.0673532e-16
15.13 1.0673532e-16
15.14 1.0673534e-16
15.15 1.0673532e-16
15.16 1.0673536e-16
15.17 1.0673534e-16
15.18 1.0673538e-16
15.19 1.0673534e-16
15.2 1.0673534e-16
15.21 1.0673532e-16
15.22 1.0673536e-16
15.23 1.0673535e-16
15.24 1.0673532e-16
15.25 1.0673534e-16
15.26 1.0673533e-16
15.27 1.0673535e-16
15.28 1.0673536e-16
15.29 1.0673537e-16
15.3 1.0673532e-16
15.31 1.0673532e-16
15.32 1.0673538e-16
15.33 1.0673536e-16
15.34 1.0673534e-16
15.35 1.0673532e-16
15.36 1.0673536e-16
15.37 1.0673533e-16
15.38 1.0673532e-16
15.39 1.0673534e-16
15.4 1.0673538e-16
15.41 1.0673537e-16
15.42 1.0673532e-16
15.43 1.0673532e-16
15.44 1.0673536e-16
15.45 1.0673536e-16
15.46 1.0673538e-16
15.47 1.0673536e-16
15.48 1.0673538e-16
15.49 1.0673532e-16
15.5 1.0673532e-16
15.51 1.0673535e-16
15.52 1.0673532e-16
15.53 1.0673534e-16
15.54 1.0673532e-16
15.55 1.0673537e-16
15.56 1.0673536e-16
15.57 1.0673532e-16
15.58 1.0673535e-16
15.59 1.0673532e-16
15.6 1.0673532e-16
15.61 1.0673536e-16
15.62 1.0673536e-16
15.63 1.0673532e-16
15.64 1.0673532e-16
15.65 1.0673535e-16
15.66 1.0673532e-16
15.67 1.0673534e-16
15.68 1.0673533e-16
15.69 1.0673532e-16
15.7 1.0673534e-16
15.71 1.0673537e-16
15.72 1.0673532e-16
15.73 1.0673534e-16
15.74 1.0673532e-16
15.75 1.0673535e-16
15.76 1.0673532e-16
15.77 1.0673538e-16
15.78 1.0673536e-16
15.79 1.0673532e-16
15.8 1.0673532e-16
15.81 1.0673532e-16
15.82 1.0673537e-16
15.83 1.0673533e-16
15.84 1.0673532e-16
15.85 1.0673533e-16
15.86 1.0673534e-16
15.87 1.0673532e-16
15.88 1.0673537e-16
15.89 1.0673533e-16
15.9 1.0673534e-16
15.91 1.0673538e-16
15.92 1.0673534e-16
15.93 1.0673534e-16
15.94 1.0673532e-16
15.95 1.0673532e-16
15.96 1.0673533e-16
15.97 1.0673534e-16
15.98 1.0673536e-16
15.99 1.0673532e-16
16 1.0673535e-16
16.01 1.0673532e-16
16.02 1.0673532e-16
16.03 1.0673532e-16
16.04 1.0673532e-16
16.05 1.0673532e-16
16.06 1.0673536e-16
16.07 1.0673534e-16
16.08 1.0673532e-16
16.09 1.0673532e-16
16.1 1.0673533e-16
16.11 1.0673533e-16
16.12 1.0673534e-16
16.13 1.0673534e-16
16.14 1.0673538e-16
16.15 1.0673534e-16
16.16 1.0673536e-16
16.17 1.0673533e-16
16.18 1.0673536e-16
16.19 1.0673533e-16
16.2 1.0673533e-16
16.21 1.0673534e-16
16.22 1.0673532e-16
16.23 1.0673534e-16
16.24 1.0673534e-16
16.25 1.0673533e-16
16.26 1.0673534e-16
16.27 1.0673532e-16
16.28 1.0673532e-16
16.29 1.0673532e-16
16.3 1.0673536e-16
16.31 1.0673535e-16
16.32 1.0673534e-16
16.33 1.0673532e-16
16.34 1.0673533e-16
16.35 1.0673536e-16
16.36 1.0673538e-16
16.37 1.0673536e-16
16.38 1.0673534e-16
16.39 1.0673532e-16
16.4 1.0673532e-16
16.41 1.0673532e-16
16.42 1.0673532e-16
16.43 1.0673532e-16
16.44 1.0673534e-16
16.45 1.0673535e-16
16.46 1.0673534e-16
16.47 1.0673537e-16
16.48 1.0673537e-16
16.49 1.0673534e-16
16.5 1.0673538e-16
16.51 1.0673534e-16
16.52 1.0673534e-16
16.53 1.0673538e-16
16.54 1.0673534e-16
16.55 1.0673534e-16
16.56 1.0673532e-16
16.57 1.0673532e-16
16.58 1.0673534e-16
16.59 1.0673537e-16
16.6 1.0673532e-16
16.61 1.0673537e-16
16.62 1.0673534e-16
16.63 1.0673534e-16
16.64 1.0673537e-16
16.65 1.0673532e-16
16.66 1.0673532e-16
16.67 1.0673538e-16
16.68 1.0673536e-16
16.69 1.0673536e-16
16.7 1.0673532e-16
16.71 1.0673536e-16
16.72 1.0673533e-16
16.73 1.0673533e-16
16.74 1.0673534e-16
16.75 1.0673533e-16
16.76 1.0673537e-16
16.77 1.0673532e-16
16.78 1.0673532e-16
16.79 1.0673535e-16
16.8 1.0673534e-16
16.81 1.0673532e-16
16.82 1.0673536e-16
16.83 1.0673534e-16
16.84 1.0673532e-16
16.85 1.0673534e-16
16.86 1.0673532e-16
16.87 1.0673532e-16
16.88 1.0673534e-16
16.89 1.0673532e-16
16.9 1.0673532e-16
16.91 1.0673534e-16
16.92 1.0673533e-16
16.93 1.0673534e-16
16.94 1.0673536e-16
16.95 1.0673532e-16
16.96 1.0673532e-16
16.97 1.0673534e-16
16.98 1.0673532e-16
16.99 1.0673534e-16
17 1.0673538e-16
17.01 1.0673538e-16
17.02 1.0673534e-16
17.03 1.0673532e-16
17.04 1.0673532e-16
17.05 1.0673532e-16
17.06 1.0673532e-16
17.07 1.0673532e-16
17.08 1.0673532e-16
17.09 1.0673533e-16
17.1 1.0673536e-16
17.11 1.0673534e-16
17.12 1.0673538e-16
17.13 1.0673534e-16
17.14 1.0673536e-16
17.15 1.0673533e-16
17.16 1.0673532e-16
17.17 1.0673535e-16
17.18 1.0673532e-16
17.19 1.0673534e-16
17.2 1.0673533e-16
17.21 1.0673532e-16
17.22 1.0673534e-16
17.23 1.0673532e-16
17.24 1.0673532e-16
17.25 1.0673532e-16
17.26 1.0673532e-16
17.27 1.0673536e-16
17.28 1.0673534e-16
17.29 1.0673532e-16
17.3 1.0673532e-16
17.31 1.0673535e-16
17.32 1.0673532e-16
17.33 1.0673536e-16
17.34 1.0673535e-16
17.35 1.0673535e-16
17.36 1.0673536e-16
17.37 1.0673537e-16
17.38 1.0673532e-16
17.39 1.0673532e-16
17.4 1.0673538e-16
17.41 1.0673532e-16
17.42 1.0673532e-16
17.43 1.0673538e-16
17.44 1.0673534e-16
17.45 1.0673535e-16
17.46 1.0673538e-16
17.47 1.0673534e-16
17.48 1.0673532e-16
17.49 1.0673532e-16
17.5 1.0673532e-16
17.51 1.0673532e-16
17.52 1.0673532e-16
17.53 1.0673532e-16
17.54 1.0673532e-16
17.55 1.0673532e-16
17.56 1.0673532e-16
17.57 1.0673532e-16
17.58 1.0673534e-16
17.59 1.0673534e-16
17.6 1.0673537e-16
17.61 1.0673536e-16
17.62 1.0673535e-16
17.63 1.0673533e-16
17.64 1.0673534e-16
17.65 1.0673532e-16
17.66 1.0673532e-16
17.67 1.0673532e-16
17.68 1.0673533e-16
17.69 1.0673535e-16
17.7 1.0673536e-16
17.71 1.0673538e-16
17.72 1.0673534e-16
17.73 1.0673532e-16
17.74 1.0673532e-16
17.75 1.0673534e-16
17.76 1.0673532e-16
17.77 1.0673533e-16
17.78 1.0673536e-16
17.79 1.0673532e-16
17.8 1.0673533e-16
17.81 1.0673536e-16
17.82 1.0673532e-16
17.83 1.0673532e-16
17.84 1.0673532e-16
17.85 1.0673532e-16
17.86 1.0673532e-16
17.87 1.0673532e-16
17.88 1.0673538e-16
17.89 1.0673534e-16
17.9 1.0673532e-16
17.91 1.0673532e-16
17.92 1.0673536e-16
17.93 1.0673535e-16
17.94 1.0673534e-16
17.95 1.0673536e-16
17.96 1.0673533e-16
17.97 1.0673537e-16
17.98 1.0673534e-16
17.99 1.0673537e-16
18 1.0673534e-16
18.01 1.0673536e-16
18.02 1.0673532e-16
18.03 1.0673536e-16
18.04 1.0673534e-16
18.05 1.0673532e-16
18.06 1.0673532e-16
18.07 1.0673534e-16
18.08 1.0673533e-16
18.09 1.0673532e-16
18.1 1.0673533e-16
18.11 1.0673537e-16
18.12 1.0673534e-16
18.13 1.0673537e-16
18.14 1.0673532e-16
18.15 1.0673532e-16
18.16 1.0673532e-16
18.17 1.0673536e-16
18.18 1.0673534e-16
18.19 1.0673532e-16
18.2 1.0673532e-16
18.21 1.0673532e-16
18.22 1.0673533e-16
18.23 1.0673536e-16
18.24 1.0673532e-16
18.25 1.0673532e-16
18.26 1.0673532e-16
18.27 1.0673537e-16
18.28 1.0673534e-16
18.29 1.0673532e-16
18.3 1.0673532e-16
18.31 1.0673532e-16
18.32 1.0673532e-16
18.33 1.0673532e-16
18.34 1.0673536e-16
18.35 1.0673534e-16
18.36 1.0673532e-16
18.37 1.0673532e-16
18.38 1.0673532e-16
18.39 1.0673532e-16
18.4 1.0673534e-16
18.41 1.0673533e-16
18.42 1.0673535e-16
18.43 1.0673536e-16
18.44 1.0673532e-16
18.45 1.0673534e-16
18.46 1.0673534e-16
18.47 1.0673538e-16
18.48 1.0673534e-16
18.49 1.0673536e-16
18.5 1.0673533e-16
18.51 1.0673534e-16
18.52 1.0673535e-16
18.53 1.0673537e-16
18.54 1.0673534e-16
18.55 1.0673533e-16
18.56 1.0673538e-16
18.57 1.0673538e-16
18.58 1.0673533e-16
18.59 1.0673535e-16
18.6 1.0673534e-16
18.61 1.0673532e-16
18.62 1.0673532e-16
18.63 1.0673532e-16
18.64 1.0673532e-16
18.65 1.0673532e-16
18.66 1.0673535e-16
18.67 1.0673532e-16
18.68 1.0673532e-16
18.69 1.0673532e-16
18.7 1.0673532e-16
18.71 1.0673534e-16
18.72 1.0673538e-16
18.73 1.0673537e-16
18.74 1.0673534e-16
18.75 1.0673532e-16
18.76 1.0673534e-16
18.77 1.0673534e-16
18.78 1.0673538e-16
18.79 1.0673534e-16
18.8 1.0673532e-16
18.81 1.0673532e-16
18.82 1.0673536e-16
18.83 1.0673535e-16
18.84 1.0673533e-16
18.85 1.0673534e-16
18.86 1.0673538e-16
18.87 1.0673534e-16
18.88 1.0673534e-16
18.89 1.0673533e-16
18.9 1.0673536e-16
18.91 1.0673532e-16
18.92 1.0673538e-16
18.93 1.0673534e-16
18.94 1.0673532e-16
18.95 1.0673532e-16
18.96 1.0673534e-16
18.97 1.0673533e-16
18.98 1.0673537e-16
18.99 1.0673536e-16
19 1.0673532e-16
19.01 1.0673535e-16
19.02 1.0673536e-16
19.03 1.0673533e-16
19.04 1.0673535e-16
19.05 1.0673536e-16
19.06 1.0673538e-16
19.07 1.0673532e-16
19.08 1.0673534e-16
19.09 1.0673538e-16
19.1 1.0673532e-16
19.11 1.0673532e-16
19.12 1.0673537e-16
19.13 1.0673534e-16
19.14 1.0673534e-16
19.15 1.0673538e-16
19.16 1.0673534e-16
19.17 1.0673536e-16
19.18 1.0673535e-16
19.19 1.0673532e-16
19.2 1.0673532e-16
19.21 1.0673532e-16
19.22 1.0673532e-16
19.23 1.0673532e-16
19.24 1.0673532e-16
19.25 1.0673535e-16
19.26 1.0673537e-16
19.27 1.0673534e-16
19.28 1.0673538e-16
19.29 1.0673533e-16
19.3 1.0673532e-16
19.31 1.0673533e-16
19.32 1.0673535e-16
19.33 1.0673534e-16
19.34 1.0673532e-16
19.35 1.0673534e-16
19.36 1.0673536e-16
19.37 1.0673532e-16
19.38 1.0673532e-16
19.39 1.0673534e-16
19.4 1.0673533e-16
19.41 1.0673534e-16
19.42 1.0673532e-16
19.43 1.0673532e-16
19.44 1.0673532e-16
19.45 1.0673532e-16
19.46 1.0673533e-16
19.47 1.0673536e-16
19.48 1.0673532e-16
19.49 1.0673532e-16
19.5 1.0673532e-16
19.51 1.0673532e-16
19.52 1.0673532e-16
19.53 1.0673532e-16
19.54 1.0673532e-16
19.55 1.0673534e-16
19.56 1.0673535e-16
19.57 1.0673537e-16
19.58 1.0673534e-16
19.59 1.0673535e-16
19.6 1.0673532e-16
19.61 1.0673532e-16
19.62 1.0673532e-16
19.63 1.0673532e-16
19.64 1.0673532e-16
19.65 1.0673532e-16
19.66 1.0673536e-16
19.67 1.0673534e-16
19.68 1.0673532e-16
19.69 1.0673536e-16
19.7 1.0673537e-16
19.71 1.0673533e-16
19.72 1.0673532e-16
19.73 1.0673532e-16
19.74 1.0673533e-16
19.75 1.0673536e-16
19.76 1.0673533e-16
19.77 1.0673534e-16
19.78 1.0673534e-16
19.79 1.0673533e-16
19.8 1.0673538e-16
19.81 1.0673534e-16
19.82 1.0673532e-16
19.83 1.0673534e-16
19.84 1.0673534e-16
19.85 1.0673532e-16
19.86 1.0673536e-16
19.87 1.0673537e-16
19.88 1.0673533e-16
19.89 1.0673534e-16
19.9 1.0673537e-16
19.91 1.0673535e-16
19.92 1.0673536e-16
19.93 1.0673532e-16
19.94 1.0673535e-16
19.95 1.0673532e-16
19.96 1.0673538e-16
19.97 1.0673532e-16
19.98 1.0673534e-16
19.99 1.0673532e-16
20 1.0673532e-16
20.01 1.0673532e-16
20.02 1.0673532e-16
20.03 1.0673532e-16
20.04 1.0673532e-16
20.05 1.0673532e-16
20.06 1.0673532e-16
20.07 1.0673532e-16
20.08 1.0673532e-16
20.09 1.0673532e-16
20.1 1.0673532e-16
20.11 1.0673532e-16
20.12 1.0673532e-16
20.13 1.0673532e-16
20.14 1.0673532e-16
20.15 1.0673532e-16
20.16 1.0673532e-16
20.17 1.0673532e-16
20.18 1.0673532e-16
20.19 1.0673532e-16
20.2 1.0673532e-16
20.21 1.0673532e-16
20.22 1.0673532e-16
20.23 1.0673532e-16
20.24 1.0673532e-16
20.25 1.0673532e-16
20.26 1.0673532e-16
20.27 1.0673532e-16
20.28 1.0673532e-16
20.29 1.0673532e-16
20.3 1.0673532e-16
20.31 1.0673532e-16
20.32 1.0673532e-16
20.33 1.0673532e-16
20.34 1.0673532e-16
20.35 1.0673532e-16
20.36 1.0673532e-16
20.37 1.0673532e-16
20.38 1.0673532e-16
20.39 1.0673532e-16
20.4 1.0673532e-16
20.41 1.0673532e-16
20.42 1.0673532e-16
20.43 1.0673532e-16
20.44 1.0673532e-16
20.45 1.0673532e-16
20.46 1.0673532e-16
20.47 1.0673532e-16
20.48 1.0673532e-16
20.49 1.0673532e-16
20.5 1.0673532e-16
20.51 1.0673532e-16
20.52 1.0673532e-16
20.53 1.0673532e-16
20.54 1.0673532e-16
20.55 1.0673532e-16
20.56 1.0673532e-16
20.57 1.0673532e-16
20.58 1.0673532e-16
20.59 1.0673532e-16
20.6 1.0673532e-16
20.61 1.0673532e-16
20.62 1.0673532e-16
20.63 1.0673532e-16
20.64 1.0673532e-16
20.65 1.0673532e-16
20.66 1.0673532e-16
20.67 1.0673532e-16
20.68 1.0673532e-16
20.69 1.0673532e-16
20.7 1.0673532e-16
20.71 1.0673532e-16
20.72 1.0673532e-16
20.73 1.0673532e-16
20.74 1.0673532e-16
20.75 1.0673532e-16
20.76 1.0673532e-16
20.77 1.0673532e-16
20.78 1.0673532e-16
20.79 1.0673532e-16
20.8 1.0673532e-16
20.81 1.0673532e-16
20.82 1.0673532e-16
20.83 1.0673532e-16
20.84 1.0673532e-16
20.85 1.0673532e-16
20.86 1.0673532e-16
20.87 1.0673532e-16
20.88 1.0673532e-16
20.89 1.0673532e-16
20.9 1.0673532e-16
20.91 1.0673532e-16
20.92 1.0673532e-16
20.93 1.0673532e-16
20.94 1.0673532e-16
20.95 1.0673532e-16
20.96 1.0673532e-16
20.97 1.0673532e-16
20.98 1.0673532e-16
20.99 1.0673532e-16
21 1.0673532e-16
21.01 1.0673532e-16
21.02 1.0673532e-16
21.03 1.0673532e-16
21.04 1.0673532e-16
21.05 1.0673532e-16
21.06 1.0673532e-16
21.07 1.0673532e-16
21.08 1.0673532e-16
21.09 1.0673532e-16
21.1 1.0673532e-16
21.11 1.0673532e-16
21.12 1.0673532e-16
21.13 1.0673532e-16
21.14 1.0673532e-16
21.15 1.0673532e-16
21.16 1.0673532e-16
21.17 1.0673532e-16
21.18 1.0673532e-16
21.19 1.0673532e-16
21.2 1.0673532e-16
21.21 1.0673532e-16
21.22 1.0673532e-16
21.23 1.0673532e-16
21.24 1.0673532e-16
21.25 1.0673532e-16
21.26 1.0673532e-16
21.27 1.0673532e-16
21.28 1.0673532e-16
21.29 1.0673532e-16
21.3 1.0673532e-16
21.31 1.0673532e-16
21.32 1.0673532e-16
21.33 1.0673532e-16
21.34 1.0673532e-16
21.35 1.0673532e-16
21.36 1.0673532e-16
21.37 1.0673532e-16
21.38 1.0673532e-16
21.39 1.0673532e-16
21.4 1.0673532e-16
21.41 1.0673532e-16
21.42 1.0673532e-16
21.43 1.0673532e-16
21.44 1.0673532e-16
21.45 1.0673532e-16
21.46 1.0673532e-16
21.47 1.0673532e-16
21.48 1.0673532e-16
21.49 1.0673532e-16
21.5 1.0673532e-16
21.51 1.0673532e-16
21.52 1.0673532e-16
21.53 1.0673532e-16
21.54 1.0673532e-16
21.55 1.0673532e-16
21.56 1.0673532e-16
21.57 1.0673532e-16
21.58 1.0673532e-16
21.59 1.0673532e-16
21.6 1.0673532e-16
21.61 1.0673532e-16
21.62 1.0673532e-16
21.63 1.0673532e-16
21.64 1.0673532e-16
21.65 1.0673532e-16
21.66 1.0673532e-16
21.67 1.0673532e-16
21.68 1.0673532e-16
21.69 1.0673532e-16
21.7 1.0673532e-16
21.71 1.0673532e-16
21.72 1.0673532e-16
21.73 1.0673532e-16
21.74 1.0673532e-16
21.75 1.0673532e-16
21.76 1.0673532e-16
21.77 1.0673532e-16
21.78 1.0673532e-16
21.79 1.0673532e-16
21.8 1.0673532e-16
21.81 1.0673532e-16
21.82 1.0673532e-16
21.83 1.0673532e-16
21.84 1.0673532e-16
21.85 1.0673532e-16
21.86 1.0673532e-16
21.87 1.0673532e-16
21.88 1.0673532e-16
21.89 1.0673532e-16
21.9 1.0673532e-16
21.91 1.0673532e-16
21.92 1.0673532e-16
21.93 1.0673532e-16
21.94 1.0673532e-16
21.95 1.0673532e-16
21.96 1.0673532e-16
21.97 1.0673532e-16
21.98 1.0673532e-16
21.99 1.0673532e-16
22 1.0673532e-16
22.01 1.0673532e-16
22.02 1.0673532e-16
22.03 1.0673532e-16
22.04 1.0673532e-16
22.05 1.0673532e-16
22.06 1.0673532e-16
22.07 1.0673532e-16
22.08 1.0673532e-16
22.09 1.0673532e-16
22.1 1.0673532e-16
22.11 1.0673532e-16
22.12 1.0673532e-16
22.13 1.0673532e-16
22.14 1.0673532e-16
22.15 1.0673532e-16
22.16 1.0673532e-16
22.17 1.0673532e-16
22.18 1.0673532e-16
22.19 1.0673532e-16
22.2 1.0673532e-16
22.21 1.0673532e-16
22.22 1.0673532e-16
22.23 1.0673532e-16
22.24 1.0673532e-16
22.25 1.0673532e-16
22.26 1.0673532e-16
22.27 1.0673532e-16
22.28 1.0673532e-16
22.29 1.0673532e-16
22.3 1.0673532e-16
22.31 1.0673532e-16
22.32 1.0673532e-16
22.33 1.0673532e-16
22.34 1.0673532e-16
22.35 1.0673532e-16
22.36 1.0673532e-16
22.37 1.0673532e-16
22.38 1.0673532e-16
22.39 1.0673532e-16
22.4 1.0673532e-16
22.41 1.0673532e-16
22.42 1.0673532e-16
22.43 1.0673532e-16
22.44 1.0673532e-16
22.45 1.0673532e-16
22.46 1.0673532e-16
22.47 1.0673532e-16
22.48 1.0673532e-16
22.49 1.0673532e-16
22.5 1.0673532e-16
22.51 1.0673532e-16
22.52 1.0673532e-16
22.53 1.0673532e-16
22.54 1.0673532e-16
22.55 1.0673532e-16
22.56 1.0673532e-16
22.57 1.0673532e-16
22.58 1.0673532e-16
22.59 1.0673532e-16
22.6 1.0673532e-16
22.61 1.0673532e-16
22.62 1.0673532e-16
22.63 1.0673532e-16
22.64 1.0673532e-16
22.65 1.0673532e-16
22.66 1.0673532e-16
22.67 1.0673532e-16
22.68 1.0673532e-16
22.69 1.0673532e-16
22.7 1.0673532e-16
22.71 1.0673532e-16
22.72 1.0673532e-16
22.73 1.0673532e-16
22.74 1.0673532e-16
22.75 1.0673532e-16
22.76 1.0673532e-16
22.77 1.0673532e-16
22.78 1.0673532e-16
22.79 1.0673532e-16
22.8 1.0673532e-16
22.81 1.0673532e-16
22.82 1.0673532e-16
22.83 1.0673532e-16
22.84 1.0673532e-16
22.85 1.0673532e-16
22.86 1.0673532e-16
22.87 1.0673532e-16
22.88 1.0673532e-16
22.89 1.0673532e-16
22.9 1.0673532e-16
22.91 1.0673532e-16
22.92 1.0673532e-16
22.93 1.0673532e-16
22.94 1.0673532e-16
22.95 1.0673532e-16
22.96 1.0673532e-16
22.97 1.0673532e-16
22.98 1.0673532e-16
22.99 1.0673532e-16
23 1.0673532e-16
23.01 1.0673532e-16
23.02 1.0673532e-16
23.03 1.0673532e-16
23.04 1.0673532e-16
23.05 1.0673532e-16
23.06 1.0673532e-16
23.07 1.0673532e-16
23.08 1.0673532e-16
23.09 1.0673532e-16
23.1 1.0673532e-16
23.11 1.0673532e-16
23.12 1.0673532e-16
23.13 1.0673532e-16
23.14 1.0673532e-16
23.15 1.0673532e-16
23.16 1.0673532e-16
23.17 1.0673532e-16
23.18 1.0673532e-16
23.19 1.0673532e-16
23.2 1.0673532e-16
23.21 1.0673532e-16
23.22 1.0673532e-16
23.23 1.0673532e-16
23.24 1.0673532e-16
23.25 1.0673532e-16
23.26 1.0673532e-16
23.27 1.0673532e-16
23.28 1.0673532e-16
23.29 1.0673532e-16
23.3 1.0673532e-16
23.31 1.0673532e-16
23.32 1.0673532e-16
23.33 1.0673532e-16
23.34 1.0673532e-16
23.35 1.0673532e-16
23.36 1.0673532e-16
23.37 1.0673532e-16
23.38 1.0673532e-16
23.39 1.0673532e-16
23.4 1.0673532e-16
23.41 1.0673532e-16
23.42 1.0673532e-16
23.43 1.0673532e-16
23.44 1.0673532e-16
23.45 1.0673532e-16
23.46 1.0673532e-16
23.47 1.0673532e-16
23.48 1.0673532e-16
23.49 1.0673532e-16
23.5 1.0673532e-16
23.51 1.0673532e-16
23.52 1.0673532e-16
23.53 1.0673532e-16
23.54 1.0673532e-16
23.55 1.0673532e-16
23.56 1.0673532e-16
23.57 1.0673532e-16
23.58 1.0673532e-16
23.59 1.0673532e-16
23.6 1.0673532e-16
23.61 1.0673532e-16
23.62 1.0673532e-16
23.63 1.0673532e-16
23.64 1.0673532e-16
23.65 1.0673532e-16
23.66 1.0673532e-16
23.67 1.0673532e-16
23.68 1.0673532e-16
23.69 1.0673532e-16
23.7 1.0673532e-16
23.71 1.0673532e-16
23.72 1.0673532e-16
23.73 1.0673532e-16
23.74 1.0673532e-16
23.75 1.0673532e-16
23.76 1.0673532e-16
23.77 1.0673532e-16
23.78 1.0673532e-16
23.79 1.0673532e-16
23.8 1.0673532e-16
23.81 1.0673532e-16
23.82 1.0673532e-16
23.83 1.0673532e-16
23.84 1.0673532e-16
23.85 1.0673532e-16
23.86 1.0673532e-16
23.87 1.0673532e-16
23.88 1.0673532e-16
23.89 1.0673532e-16
23.9 1.0673532e-16
23.91 1.0673532e-16
23.92 1.0673532e-16
23.93 1.0673532e-16
23.94 1.0673532e-16
23.95 1.0673532e-16
23.96 1.0673532e-16
23.97 1.0673532e-16
23.98 1.0673532e-16
23.99 1.0673532e-16
24 1.0673532e-16
24.01 1.0673532e-16
24.02 1.0673532e-16
24.03 1.0673532e-16
24.04 1.0673532e-16
24.05 1.0673532e-16
24.06 1.0673532e-16
24.07 1.0673532e-16
24.08 1.0673532e-16
24.09 1.0673532e-16
24.1 1.0673532e-16
24.11 1.0673532e-16
24.12 1.0673532e-16
24.13 1.0673532e-16
24.14 1.0673532e-16
24.15 1.0673532e-16
24.16 1.0673532e-16
24.17 1.0673532e-16
24.18 1.0673532e-16
24.19 1.0673532e-16
24.2 1.0673532e-16
24.21 1.0673532e-16
24.22 1.0673532e-16
24.23 1.0673532e-16
24.24 1.0673532e-16
24.25 1.0673532e-16
24.26 1.0673532e-16
24.27 1.0673532e-16
24.28 1.0673532e-16
24.29 1.0673532e-16
24.3 1.0673532e-16
24.31 1.0673532e-16
24.32 1.0673532e-16
24.33 1.0673532e-16
24.34 1.0673532e-16
24.35 1.0673532e-16
24.36 1.0673532e-16
24.37 1.0673532e-16
24.38 1.0673532e-16
24.39 1.0673532e-16
24.4 1.0673532e-16
24.41 1.0673532e-16
24.42 1.0673532e-16
24.43 1.0673532e-16
24.44 1.0673532e-16
24.45 1.0673532e-16
24.46 1.0673532e-16
24.47 1.0673532e-16
24.48 1.0673532e-16
24.49 1.0673532e-16
24.5 1.0673532e-16
24.51 1.0673532e-16
24.52 1.0673532e-16
24.53 1.0673532e-16
24.54 1.0673532e-16
24.55 1.0673532e-16
24.56 1.0673532e-16
24.57 1.0673532e-16
24.58 1.0673532e-16
24.59 1.0673532e-16
24.6 1.0673532e-16
24.61 1.0673532e-16
24.62 1.0673532e-16
24.63 1.0673532e-16
24.64 1.0673532e-16
24.65 1.0673532e-16
24.66 1.0673532e-16
24.67 1.0673532e-16
24.68 1.0673532e-16
24.69 1.0673532e-16
24.7 1.0673532e-16
24.71 1.0673532e-16
24.72 1.0673532e-16
24.73 1.0673532e-16
24.74 1.0673532e-16
24.75 1.0673532e-16
24.76 1.0673532e-16
24.77 1.0673532e-16
24.78 1.0673532e-16
24.79 1.0673532e-16
24.8 1.0673532e-16
24.81 1.0673532e-16
24.82 1.0673532e-16
24.83 1.0673532e-16
24.84 1.0673532e-16
24.85 1.0673532e-16
24.86 1.0673532e-16
24.87 1.0673532e-16
24.88 1.0673532e-16
24.89 1.0673532e-16
24.9 1.0673532e-16
24.91 1.0673532e-16
24.92 1.0673532e-16
24.93 1.0673532e-16
24.94 1.0673532e-16
24.95 1.0673532e-16
24.96 1.0673532e-16
24.97 1.0673532e-16
24.98 1.0673532e-16
24.99 1.0673532e-16
25 1.0673532e-16
25.01 1.0673532e-16
25.02 1.0673532e-16
25.03 1.0673532e-16
25.04 1.0673532e-16
25.05 1.0673532e-16
25.06 1.0673532e-16
25.07 1.0673532e-16
25.08 1.0673532e-16
25.09 1.0673532e-16
25.1 1.0673532e-16
25.11 1.0673532e-16
25.12 1.0673532e-16
25.13 1.0673532e-16
25.14 1.0673532e-16
25.15 1.0673532e-16
25.16 1.0673532e-16
25.17 1.0673532e-16
25.18 1.0673532e-16
25.19 1.0673532e-16
25.2 1.0673532e-16
25.21 1.0673532e-16
25.22 1.0673532e-16
25.23 1.0673532e-16
25.24 1.0673532e-16
25.25 1.0673532e-16
25.26 1.0673532e-16
25.27 1.0673532e-16
25.28 1.0673532e-16
25.29 1.0673532e-16
25.3 1.0673532e-16
25.31 1.0673532e-16
25.32 1.0673532e-16
25.33 1.0673532e-16
25.34 1.0673532e-16
25.35 1.0673532e-16
25.36 1.0673532e-16
25.37 1.0673532e-16
25.38 1.0673532e-16
25.39 1.0673532e-16
25.4 1.0673532e-16
25.41 1.0673532e-16
25.42 1.0673532e-16
25.43 1.0673532e-16
25.44 1.0673532e-16
25.45 1.0673532e-16
25.46 1.0673532e-16
25.47 1.0673532e-16
25.48 1.0673532e-16
25.49 1.0673532e-16
25.5 1.0673532e-16
25.51 1.0673532e-16
25.52 1.0673532e-16
25.53 1.0673532e-16
25.54 1.0673532e-16
25.55 1.0673532e-16
25.56 1.0673532e-16
25.57 1.0673532e-16
25.58 1.0673532e-16
25.59 1.0673532e-16
25.6 1.0673532e-16
25.61 1.0673532e-16
25.62 1.0673532e-16
25.63 1.0673532e-16
25.64 1.0673532e-16
25.65 1.0673532e-16
25.66 1.0673532e-16
25.67 1.0673532e-16
25.68 1.0673532e-16
25.69 1.0673532e-16
25.7 1.0673532e-16
25.71 1.0673532e-16
25.72 1.0673532e-16
25.73 1.0673532e-16
25.74 1.0673532e-16
25.75 1.0673532e-16
25.76 1.0673532e-16
25.77 1.0673532e-16
25.78 1.0673532e-16
25.79 1.0673532e-16
25.8 1.0673532e-16
25.81 1.0673532e-16
25.82 1.0673532e-16
25.83 1.0673532e-16
25.84 1.0673532e-16
25.85 1.0673532e-16
25.86 1.0673532e-16
25.87 1.0673532e-16
25.88 1.0673532e-16
25.89 1.0673532e-16
25.9 1.0673532e-16
25.91 1.0673532e-16
25.92 1.0673532e-16
25.93 1.0673532e-16
25.94 1.0673532e-16
25.95 1.0673532e-16
25.96 1.0673532e-16
25.97 1.0673532e-16
25.98 1.0673532e-16
25.99 1.0673532e-16
26 1.0673532e-16
26.01 1.0673532e-16
26.02 1.0673532e-16
26.03 1.0673532e-16
26.04 1.0673532e-16
26.05 1.0673532e-16
26.06 1.0673532e-16
26.07 1.0673532e-16
26.08 1.0673532e-16
26.09 1.0673532e-16
26.1 1.0673532e-16
26.11 1.0673532e-16
26.12 1.0673532e-16
26.13 1.0673532e-16
26.14 1.0673532e-16
26.15 1.0673532e-16
26.16 1.0673532e-16
26.17 1.0673532e-16
26.18 1.0673532e-16
26.19 1.0673532e-16
26.2 1.0673532e-16
26.21 1.0673532e-16
26.22 1.0673532e-16
26.23 1.0673532e-16
26.24 1.0673532e-16
26.25 1.0673532e-16
26.26 1.0673532e-16
26.27 1.0673532e-16
26.28 1.0673532e-16
26.29 1.0673532e-16
26.3 1.0673532e-16
26.31 1.0673532e-16
26.32 1.0673532e-16
26.33 1.0673532e-16
26.34 1.0673532e-16
26.35 1.0673532e-16
26.36 1.0673532e-16
26.37 1.0673532e-16
26.38 1.0673532e-16
26.39 1.0673532e-16
26.4 1.0673532e-16
26.41 1.0673532e-16
26.42 1.0673532e-16
26.43 1.0673532e-16
26.44 1.0673532e-16
26.45 1.0673532e-16
26.46 1.0673532e-16
26.47 1.0673532e-16
26.48 1.0673532e-16
26.49 1.0673532e-16
26.5 1.0673532e-16
26.51 1.0673532e-16
26.52 1.0673532e-16
26.53 1.0673532e-16
26.54 1.0673532e-16
26.55 1.0673532e-16
26.56 1.0673532e-16
26.57 1.0673532e-16
26.58 1.0673532e-16
26.59 1.0673532e-16
26.6 1.0673532e-16
26.61 1.0673532e-16
26.62 1.0673532e-16
26.63 1.0673532e-16
26.64 1.0673532e-16
26.65 1.0673532e-16
26.66 1.0673532e-16
26.67 1.0673532e-16
26.68 1.0673532e-16
26.69 1.0673532e-16
26.7 1.0673532e-16
26.71 1.0673532e-16
26.72 1.0673532e-16
26.73 1.0673532e-16
26.74 1.0673532e-16
26.75 1.0673532e-16
26.76 1.0673532e-16
26.77 1.0673532e-16
26.78 1.0673532e-16
26.79 1.0673532e-16
26.8 1.0673532e-16
26.81 1.0673532e-16
26.82 1.0673532e-16
26.83 1.0673532e-16
26.84 1.0673532e-16
26.85 1.0673532e-16
26.86 1.0673532e-16
26.87 1.0673532e-16
26.88 1.0673532e-16
26.89 1.0673532e-16
26.9 1.0673532e-16
26.91 1.0673532e-16
26.92 1.0673532e-16
26.93 1.0673532e-16
26.94 1.0673532e-16
26.95 1.0673532e-16
26.96 1.0673532e-16
26.97 1.0673532e-16
26.98 1.0673532e-16
26.99 1.0673532e-16
27 1.0673532e-16
27.01 1.0673532e-16
27.02 1.0673532e-16
27.03 1.0673532e-16
27.04 1.0673532e-16
27.05 1.0673532e-16
27.06 1.0673532e-16
27.07 1.0673532e-16
27.08 1.0673532e-16
27.09 1.0673532e-16
27.1 1.0673532e-16
27.11 1.0673532e-16
27.12 1.0673532e-16
27.13 1.0673532e-16
27.14 1.0673532e-16
27.15 1.0673532e-16
27.16 1.0673532e-16
27.17 1.0673532e-16
27.18 1.0673532e-16
27.19 1.0673532e-16
27.2 1.0673532e-16
27.21 1.0673532e-16
27.22 1.0673532e-16
27.23 1.0673532e-16
27.24 1.0673532e-16
27.25 1.0673532e-16
27.26 1.0673532e-16
27.27 1.0673532e-16
27.28 1.0673532e-16
27.29 1.0673532e-16
27.3 1.0673532e-16
27.31 1.0673532e-16
27.32 1.0673532e-16
27.33 1.0673532e-16
27.34 1.0673532e-16
27.35 1.0673532e-16
27.36 1.0673532e-16
27.37 1.0673532e-16
27.38 1.0673532e-16
27.39 1.0673532e-16
27.4 1.0673532e-16
27.41 1.0673532e-16
27.42 1.0673532e-16
27.43 1.0673532e-16
27.44 1.0673532e-16
27.45 1.0673532e-16
27.46 1.0673532e-16
27.47 1.0673532e-16
27.48 1.0673532e-16
27.49 1.0673532e-16
27.5 1.0673532e-16
27.51 1.0673532e-16
27.52 1.0673532e-16
27.53 1.0673532e-16
27.54 1.0673532e-16
27.55 1.0673532e-16
27.56 1.0673532e-16
27.57 1.0673532e-16
27.58 1.0673532e-16
27.59 1.0673532e-16
27.6 1.0673532e-16
27.61 1.0673532e-16
27.62 1.0673532e-16
27.63 1.0673532e-16
27.64 1.0673532e-16
27.65 1.0673532e-16
27.66 1.0673532e-16
27.67 1.0673532e-16
27.68 1.0673532e-16
27.69 1.0673532e-16
27.7 1.0673532e-16
27.71 1.0673532e-16
27.72 1.0673532e-16
27.73 1.0673532e-16
27.74 1.0673532e-16
27.75 1.0673532e-16
27.76 1.0673532e-16
27.77 1.0673532e-16
27.78 1.0673532e-16
27.79 1.0673532e-16
27.8 1.0673532e-16
27.81 1.0673532e-16
27.82 1.0673532e-16
27.83 1.0673532e-16
27.84 1.0673532e-16
27.85 1.0673532e-16
27.86 1.0673532e-16
27.87 1.0673532e-16
27.88 1.0673532e-16
27.89 1.0673532e-16
27.9 1.0673532e-16
27.91 1.0673532e-16
27.92 1.0673532e-16
27.93 1.0673532e-16
27.94 1.0673532e-16
27.95 1.0673532e-16
27.96 1.0673532e-16
27.97 1.0673532e-16
27.98 1.0673532e-16
27.99 1.0673532e-16
28 1.0673532e-16
28.01 1.0673532e-16
28.02 1.0673532e-16
28.03 1.0673532e-16
28.04 1.0673532e-16
28.05 1.0673532e-16
28.06 1.0673532e-16
28.07 1.0673532e-16
28.08 1.0673532e-16
28.09 1.0673532e-16
28.1 1.0673532e-16
28.11 1.0673532e-16
28.12 1.0673532e-16
28.13 1.0673532e-16
28.14 1.0673532e-16
28.15 1.0673532e-16
28.16 1.0673532e-16
28.17 1.0673532e-16
28.18 1.0673532e-16
28.19 1.0673532e-16
28.2 1.0673532e-16
28.21 1.0673532e-16
28.22 1.0673532e-16
28.23 1.0673532e-16
28.24 1.0673532e-16
28.25 1.0673532e-16
28.26 1.0673532e-16
28.27 1.0673532e-16
28.28 1.0673532e-16
28.29 1.0673532e-16
28.3 1.0673532e-16
28.31 1.0673532e-16
28.32 1.0673532e-16
28.33 1.0673532e-16
28.34 1.0673532e-16
28.35 1.0673532e-16
28.36 1.0673532e-16
28.37 1.0673532e-16
28.38 1.0673532e-16
28.39 1.0673532e-16
28.4 1.0673532e-16
28.41 1.0673532e-16
28.42 1.0673532e-16
28.43 1.0673532e-16
28.44 1.0673532e-16
28.45 1.0673532e-16
28.46 1.0673532e-16
28.47 1.0673532e-16
28.48 1.0673532e-16
28.49 1.0673532e-16
28.5 1.0673532e-16
28.51 1.0673532e-16
28.52 1.0673532e-16
28.53 1.0673532e-16
28.54 1.0673532e-16
28.55 1.0673532e-16
28.56 1.0673532e-16
28.57 1.0673532e-16
28.58 1.0673532e-16
28.59 1.0673532e-16
28.6 1.0673532e-16
28.61 1.0673532e-16
28.62 1.0673532e-16
28.63 1.0673532e-16
28.64 1.0673532e-16
28.65 1.0673532e-16
28.66 1.0673532e-16
28.67 1.0673532e-16
28.68 1.0673532e-16
28.69 1.0673532e-16
28.7 1.0673532e-16
28.71 1.0673532e-16
28.72 1.0673532e-16
28.73 1.0673532e-16
28.74 1.0673532e-16
28.75 1.0673532e-16
28.76 1.0673532e-16
28.77 1.0673532e-16
28.78 1.0673532e-16
28.79 1.0673532e-16
28.8 1.0673532e-16
28.81 1.0673532e-16
28.82 1.0673532e-16
28.83 1.0673532e-16
28.84 1.0673532e-16
28.85 1.0673532e-16
28.86 1.0673532e-16
28.87 1.0673532e-16
28.88 1.0673532e-16
28.89 1.0673532e-16
28.9 1.0673532e-16
28.91 1.0673532e-16
28.92 1.0673532e-16
28.93 1.0673532e-16
28.94 1.0673532e-16
28.95 1.0673532e-16
28.96 1.0673532e-16
28.97 1.0673532e-16
28.98 1.0673532e-16
28.99 1.0673532e-16
29 1.0673532e-16
29.01 1.0673532e-16
29.02 1.0673532e-16
29.03 1.0673532e-16
29.04 1.0673532e-16
29.05 1.0673532e-16
29.06 1.0673532e-16
29.07 1.0673532e-16
29.08 1.0673532e-16
29.09 1.0673532e-16
29.1 1.0673532e-16
29.11 1.0673532e-16
29.12 1.0673532e-16
29.13 1.0673532e-16
29.14 1.0673532e-16
29.15 1.0673532e-16
29.16 1.0673532e-16
29.17 1.0673532e-16
29.18 1.0673532e-16
29.19 1.0673532e-16
29.2 1.0673532e-16
29.21 1.0673532e-16
29.22 1.0673532e-16
29.23 1.0673532e-16
29.24 1.0673532e-16
29.25 1.0673532e-16
29.26 1.0673532e-16
29.27 1.0673532e-16
29.28 1.0673532e-16
29.29 1.0673532e-16
29.3 1.0673532e-16
29.31 1.0673532e-16
29.32 1.0673532e-16
29.33 1.0673532e-16
29.34 1.0673532e-16
29.35 1.0673532e-16
29.36 1.0673532e-16
29.37 1.0673532e-16
29.38 1.0673532e-16
29.39 1.0673532e-16
29.4 1.0673532e-16
29.41 1.0673532e-16
29.42 1.0673532e-16
29.43 1.0673532e-16
29.44 1.0673532e-16
29.45 1.0673532e-16
29.46 1.0673532e-16
29.47 1.0673532e-16
29.48 1.0673532e-16
29.49 1.0673532e-16
29.5 1.0673532e-16

