0.5 0
0.51 0
0.52 0
0.53 0
0.54 0
0.55 0
0.56 0
0.57 0
0.58 0
0.59 0
0.6 0
0.61 0
0.62 0
0.63 0
0.64 0
0.65 0
0.66 0
0.67 0
0.68 0
0.69 0
0.7 0
0.71 0
0.72 0
0.73 0
0.74 0
0.75 0
0.76 0
0.77 0
0.78 0
0.79 0
0.8 0
0.81 0
0.82 0
0.83 0
0.84 0
0.85 0
0.86 0
0.87 0
0.88 0
0.89 0
0.9 0
0.91 0
0.92 0
0.93 0
0.94 0
0.95 0
0.96 0
0.97 0
0.98 0
0.99 0
1 0
1.01 0
1.02 0
1.03 0
1.04 0
1.05 0
1.06 0
1.07 0
1.08 0
1.09 0
1.1 0
1.11 0
1.12 0
1.13 0
1.14 0
1.15 0
1.16 0
1.17 0
1.18 0
1.19 0
1.2 0
1.21 0
1.22 0
1.23 0
1.24 0
1.25 0
1.26 0
1.27 0
1.28 0
1.29 0
1.3 0
1.31 0
1.32 0
1.33 0
1.34 0
1.35 0
1.36 0
1.37 0
1.38 0
1.39 0
1.4 0
1.41 0
1.42 0
1.43 0
1.44 0
1.45 0
1.46 0
1.47 0
1.48 0
1.49 0
1.5 0
1.51 0
1.52 0
1.53 0
1.54 0
1.55 0
1.56 0
1.57 0
1.58 0
1.59 0
1.6 0
1.61 0
1.62 0
1.63 0
1.64 0
1.65 0
1.66 0
1.67 0
1.68 0
1.69 0
1.7 0
1.71 0
1.72 0
1.73 0
1.74 0
1.75 0
1.76 0
1.77 0
1.78 0
1.79 0
1.8 0
1.81 0
1.82 0
1.83 0
1.84 0
1.85 0
1.86 0
1.87 0
1.88 0
1.89 0
1.9 0
1.91 0
1.92 0
1.93 0
1.94 0
1.95 0
1.96 0
1.97 0
1.98 0
1.99 0
2 0
2.01 0
2.02 0
2.03 0
2.04 0
2.05 0
2.06 0
2.07 0
2.08 0
2.09 0
2.1 0
2.11 0
2.12 0
2.13 0
2.14 0
2.15 0
2.16 0
2.17 0
2.18 0
2.19 0
2.2 0
2.21 0
2.22 0
2.23 0
2.24 0
2.25 0
2.26 0
2.27 0
2.28 0
2.29 0
2.3 0
2.31 0
2.32 0
2.33 0
2.34 0
2.35 0
2.36 0
2.37 0
2.38 0
2.39 0
2.4 0
2.41 0
2.42 0
2.43 0
2.44 0
2.45 0
2.46 0
2.47 0
2.48 0
2.49 0
2.5 0
2.51 0
2.52 0
2.53 0
2.54 0
2.55 0
2.56 0
2.57 0
2.58 0
2.59 0
2.6 0
2.61 0
2.62 0
2.63 0
2.64 0
2.65 0
2.66 0
2.67 0
2.68 0
2.69 0
2.7 0
2.71 0
2.72 0
2.73 0
2.74 0
2.75 0
2.76 0
2.77 0
2.78 0
2.79 0
2.8 0
2.81 0
2.82 0
2.83 0
2.84 0
2.85 0
2.86 0
2.87 0
2.88 0
2.89 0
2.9 0
2.91 0
2.92 0
2.93 0
2.94 0
2.95 0
2.96 0
2.97 0
2.98 0
2.99 0
3 0
3.01 0
3.02 0
3.03 0
3.04 0
3.05 0
3.06 0
3.07 0
3.08 0
3.09 0
3.1 0
3.11 0
3.12 0
3.13 0
3.14 0
3.15 0
3.16 0
3.17 0
3.18 0
3.19 0
3.2 0
3.21 0
3.22 0
3.23 0
3.24 0
3.25 0
3.26 0
3.27 0
3.28 0
3.29 0
3.3 0
3.31 0
3.32 0
3.33 0
3.34 0
3.35 0
3.36 0
3.37 0
3.38 0
3.39 0
3.4 0
3.41 0
3.42 0
3.43 0
3.44 0
3.45 0
3.46 0
3.47 0
3.48 0
3.49 0
3.5 0
3.51 0
3.52 0
3.53 0
3.54 0
3.55 0
3.56 0
3.57 0
3.58 0
3.59 0
3.6 0
3.61 0
3.62 0
3.63 0
3.64 0
3.65 0
3.66 0
3.67 0
3.68 0
3.69 0
3.7 0
3.71 0
3.72 0
3.73 0
3.74 0
3.75 0
3.76 0
3.77 0
3.78 0
3.79 0
3.8 0
3.81 0
3.82 0
3.83 0
3.84 0
3.85 0
3.86 0
3.87 0
3.88 0
3.89 0
3.9 0
3.91 0
3.92 0
3.93 0
3.94 0
3.95 0
3.96 0
3.97 0
3.98 0
3.99 0
4 0
4.01 0
4.02 0
4.03 0
4.04 0
4.05 0
4.06 0
4.07 0
4.08 0
4.09 0
4.1 0
4.11 0
4.12 0
4.13 0
4.14 0
4.15 0
4.16 0
4.17 0
4.18 0
4.19 0
4.2 0
4.21 0
4.22 0
4.23 0
4.24 0
4.25 0
4.26 0
4.27 0
4.28 0
4.29 0
4.3 0
4.31 0
4.32 0
4.33 0
4.34 0
4.35 0
4.36 0
4.37 0
4.38 0
4.39 0
4.4 0
4.41 0
4.42 0
4.43 0
4.44 0
4.45 0
4.46 0
4.47 0
4.48 0
4.49 0
4.5 0
4.51 0
4.52 0
4.53 0
4.54 0
4.55 0
4.56 0
4.57 0
4.58 0
4.59 0
4.6 0
4.61 0
4.62 0
4.63 0
4.64 0
4.65 0
4.66 0
4.67 0
4.68 0
4.69 0
4.7 0
4.71 0
4.72 0
4.73 0
4.74 0
4.75 0
4.76 0
4.77 0
4.78 0
4.79 0
4.8 0
4.81 0
4.82 0
4.83 0
4.84 0
4.85 0
4.86 0
4.87 0
4.88 0
4.89 0
4.9 0
4.91 0
4.92 0
4.93 0
4.94 0
4.95 0
4.96 0
4.97 0
4.98 0
4.99 0
5 0
5.01 0
5.02 0
5.03 0
5.04 0
5.05 0
5.06 0
5.07 0
5.08 0
5.09 0
5.1 0
5.11 0
5.12 0
5.13 0
5.14 0
5.15 0
5.16 0
5.17 0
5.18 0
5.19 0
5.2 0
5.21 0
5.22 0
5.23 0
5.24 0
5.25 0
5.26 0
5.27 0
5.28 0
5.29 0
5.3 0
5.31 0
5.32 0
5.33 0
5.34 0
5.35 0
5.36 0
5.37 0
5.38 0
5.39 0
5.4 0
5.41 0
5.42 0
5.43 0
5.44 0
5.45 0
5.46 0
5.47 0
5.48 0
5.49 0
5.5 0
5.51 0
5.52 0
5.53 0
5.54 0
5.55 0
5.56 0
5.57 0
5.58 0
5.59 0
5.6 0
5.61 0
5.62 0
5.63 0
5.64 0
5.65 0
5.66 0
5.67 0
5.68 0
5.69 0
5.7 0
5.71 0
5.72 0
5.73 0
5.74 0
5.75 0
5.76 0
5.77 0
5.78 0
5.79 0
5.8 0
5.81 0
5.82 0
5.83 0
5.84 0
5.85 0
5.86 0
5.87 0
5.88 0
5.89 0
5.9 0
5.91 0
5.92 0
5.93 0
5.94 0
5.95 0
5.96 0
5.97 0
5.98 0
5.99 0
6 0
6.01 0
6.02 0
6.03 0
6.04 0
6.05 0
6.06 0
6.07 0
6.08 0
6.09 0
6.1 0
6.11 0
6.12 0
6.13 0
6.14 0
6.15 0
6.16 0
6.17 0
6.18 0
6.19 0
6.2 0
6.21 0
6.22 0
6.23 0
6.24 0
6.25 0
6.26 0
6.27 0
6.28 0
6.29 0
6.3 0
6.31 0
6.32 0
6.33 0
6.34 0
6.35 0
6.36 0
6.37 0
6.38 0
6.39 0
6.4 0
6.41 0
6.42 0
6.43 0
6.44 0
6.45 0
6.46 0
6.47 0
6.48 0
6.49 0
6.5 0
6.51 0
6.52 0
6.53 0
6.54 0
6.55 0
6.56 0
6.57 0
6.58 0
6.59 0
6.6 0
6.61 0
6.62 0
6.63 0
6.64 0
6.65 0
6.66 0
6.67 0
6.68 0
6.69 0
6.7 0
6.71 0
6.72 0
6.73 0
6.74 0
6.75 0
6.76 0
6.77 0
6.78 0
6.79 0
6.8 0
6.81 0
6.82 0
6.83 0
6.84 0
6.85 0
6.86 0
6.87 0
6.88 0
6.89 0
6.9 0
6.91 0
6.92 0
6.93 0
6.94 0
6.95 0
6.96 0
6.97 0
6.98 0
6.99 0
7 0
7.01 0
7.02 0
7.03 0
7.04 0
7.05 0
7.06 0
7.07 0
7.08 0
7.09 0
7.1 0
7.11 0
7.12 0
7.13 0
7.14 0
7.15 0
7.16 0
7.17 0
7.18 0
7.19 0
7.2 0
7.21 0
7.22 0
7.23 0
7.24 0
7.25 0
7.26 0
7.27 0
7.28 0
7.29 0
7.3 0
7.31 0
7.32 0
7.33 0
7.34 0
7.35 0
7.36 0
7.37 0
7.38 0
7.39 0
7.4 0
7.41 0
7.42 0
7.43 0
7.44 0
7.45 0
7.46 0
7.47 0
7.48 0
7.49 0
7.5 0
7.51 0
7.52 0
7.53 0
7.54 0
7.55 0
7.56 0
7.57 0
7.58 0
7.59 0
7.6 0
7.61 0
7.62 0
7.63 0
7.64 0
7.65 0
7.66 0
7.67 0
7.68 0
7.69 0
7.7 0
7.71 0
7.72 0
7.73 0
7.74 0
7.75 0
7.76 0
7.77 0
7.78 0
7.79 0
7.8 0
7.81 0
7.82 0
7.83 0
7.84 0
7.85 0
7.86 0
7.87 0
7.88 0
7.89 0
7.9 0
7.91 0
7.92 0
7.93 0
7.94 0
7.95 0
7.96 0
7.97 0
7.98 0
7.99 0
8 0
8.01 0
8.02 0
8.03 0
8.04 0
8.05 0
8.06 0
8.07 0
8.08 0
8.09 0
8.1 0
8.11 0
8.12 0
8.13 0
8.14 0
8.15 0
8.16 0
8.17 0
8.18 0
8.19 0
8.2 0
8.21 0
8.22 0
8.23 0
8.24 0
8.25 0
8.26 0
8.27 0
8.28 0
8.29 0
8.3 0
8.31 0
8.32 0
8.33 0
8.34 0
8.35 0
8.36 0
8.37 0
8.38 0
8.39 0
8.4 0
8.41 0
8.42 0
8.43 0
8.44 0
8.45 0
8.46 0
8.47 0
8.48 0
8.49 0
8.5 0
8.51 0
8.52 0
8.53 0
8.54 0
8.55 0
8.56 0
8.57 0
8.58 0
8.59 0
8.6 0
8.61 0
8.62 0
8.63 0
8.64 0
8.65 0
8.66 0
8.67 0
8.68 0
8.69 0
8.7 0
8.71 0
8.72 0
8.73 0
8.74 0
8.75 0
8.76 0
8.77 0
8.78 0
8.79 0
8.8 0
8.81 0
8.82 0
8.83 0
8.84 0
8.85 0
8.86 0
8.87 0
8.88 0
8.89 0
8.9 0
8.91 0
8.92 0
8.93 0
8.94 0
8.95 0
8.96 0
8.97 0
8.98 0
8.99 0
9 0
9.01 0
9.02 0
9.03 0
9.04 0
9.05 0
9.06 0
9.07 0
9.08 0
9.09 0
9.1 0
9.11 0
9.12 0
9.13 0
9.14 0
9.15 0
9.16 0
9.17 0
9.18 0
9.19 0
9.2 0
9.21 0
9.22 0
9.23 0
9.24 0
9.25 0
9.26 0
9.27 0
9.28 0
9.29 0
9.3 0
9.31 0
9.32 0
9.33 0
9.34 0
9.35 0
9.36 0
9.37 0
9.38 0
9.39 0
9.4 0
9.41 0
9.42 0
9.43 0
9.44 0
9.45 0
9.46 0
9.47 0
9.48 0
9.49 0
9.5 0
9.51 0
9.52 0
9.53 0
9.54 0
9.55 0
9.56 0
9.57 0
9.58 0
9.59 0
9.6 0
9.61 0
9.62 0
9.63 0
9.64 0
9.65 0
9.66 0
9.67 0
9.68 0
9.69 0
9.7 0
9.71 0
9.72 0
9.73 0
9.74 0
9.75 0
9.76 0
9.77 0
9.78 0
9.79 0
9.8 0
9.81 0
9.82 0
9.83 0
9.84 0
9.85 0
9.86 0
9.87 0
9.88 0
9.89 0
9.9 0
9.91 0
9.92 0
9.93 0
9.94 0
9.95 0
9.96 0
9.97 0
9.98 0
9.99 0
10 0
10.01 0
10.02 0
10.03 0
10.04 0
10.05 0
10.06 0
10.07 0
10.08 0
10.09 0
10.1 0
10.11 0
10.12 0
10.13 0
10.14 0
10.15 0
10.16 0
10.17 0
10.18 0
10.19 0
10.2 0
10.21 0
10.22 0
10.23 0
10.24 0
10.25 0
10.26 0
10.27 0
10.28 0
10.29 0
10.3 0
10.31 0
10.32 0
10.33 0
10.34 0
10.35 0
10.36 0
10.37 0
10.38 0
10.39 0
10.4 0
10.41 0
10.42 0
10.43 0
10.44 0
10.45 0
10.46 0
10.47 0
10.48 0
10.49 0
10.5 0
10.51 0
10.52 0
10.53 0
10.54 0
10.55 0
10.56 0
10.57 0
10.58 0
10.59 0
10.6 0
10.61 0
10.62 0
10.63 0
10.64 0
10.65 0
10.66 0
10.67 0
10.68 0
10.69 0
10.7 0
10.71 0
10.72 0
10.73 0
10.74 0
10.75 0
10.76 0
10.77 0
10.78 0
10.79 0
10.8 0
10.81 0
10.82 0
10.83 0
10.84 0
10.85 0
10.86 0
10.87 0
10.88 0
10.89 0
10.9 0
10.91 0
10.92 0
10.93 0
10.94 0
10.95 0
10.96 0
10.97 0
10.98 0
10.99 0
11 0
11.01 0
11.02 0
11.03 0
11.04 0
11.05 0
11.06 0
11.07 0
11.08 0
11.09 0
11.1 0
11.11 0
11.12 0
11.13 0
11.14 0
11.15 0
11.16 0
11.17 0
11.18 0
11.19 0
11.2 0
11.21 0
11.22 0
11.23 0
11.24 0
11.25 0
11.26 0
11.27 0
11.28 0
11.29 0
11.3 0
11.31 0
11.32 0
11.33 0
11.34 0
11.35 0
11.36 0
11.37 0
11.38 0
11.39 0
11.4 0
11.41 0
11.42 0
11.43 0
11.44 0
11.45 0
11.46 0
11.47 0
11.48 0
11.49 0
11.5 0
11.51 0
11.52 0
11.53 0
11.54 0
11.55 0
11.56 0
11.57 0
11.58 0
11.59 0
11.6 0
11.61 0
11.62 0
11.63 0
11.64 0
11.65 0
11.66 0
11.67 0
11.68 0
11.69 0
11.7 0
11.71 0
11.72 0
11.73 0
11.74 0
11.75 0
11.76 0
11.77 0
11.78 0
11.79 0
11.8 0
11.81 0
11.82 0
11.83 0
11.84 0
11.85 0
11.86 0
11.87 0
11.88 0
11.89 0
11.9 0
11.91 0
11.92 0
11.93 0
11.94 0
11.95 0
11.96 0
11.97 0
11.98 0
11.99 0
12 0
12.01 0
12.02 0
12.03 0
12.04 0
12.05 0
12.06 0
12.07 0
12.08 0
12.09 0
12.1 0
12.11 0
12.12 0
12.13 0
12.14 0
12.15 0
12.16 0
12.17 0
12.18 0
12.19 0
12.2 0
12.21 0
12.22 0
12.23 0
12.24 0
12.25 0
12.26 0
12.27 0
12.28 0
12.29 0
12.3 0
12.31 0
12.32 0
12.33 0
12.34 0
12.35 0
12.36 0
12.37 0
12.38 0
12.39 0
12.4 0
12.41 0
12.42 0
12.43 0
12.44 0
12.45 0
12.46 0
12.47 0
12.48 0
12.49 0
12.5 0
12.51 0
12.52 0
12.53 0
12.54 0
12.55 0
12.56 0
12.57 0
12.58 0
12.59 0
12.6 0
12.61 0
12.62 0
12.63 8.9356588e-05
12.64 0.00054932687
12.65 0.001168937
12.66 0.0019581543
12.67 0.0028160104
12.68 0.0037596145
12.69 0.004818495
12.7 0.0057973899
12.71 0.0065901686
12.72 0.0066720237
12.73 0.0050100582
12.74 0.00075115183
12.75 2.9944585e-19
12.76 1.7243725e-19
12.77 2.5844617e-19
12.78 4.2340715e-19
12.79 6.1878454e-19
12.8 8.2075489e-19
12.81 1.0243395e-18
12.82 1.2288053e-18
12.83 1.4335578e-18
12.84 1.6385407e-18
12.85 1.843377e-18
12.86 2.0480762e-18
12.87 2.2525899e-18
12.88 2.4568621e-18
12.89 2.6608975e-18
12.9 2.8646855e-18
12.91 3.0681716e-18
12.92 3.2713112e-18
12.93 3.4743323e-18
12.94 3.6768635e-18
12.95 3.8791567e-18
12.96 4.0812377e-18
12.97 4.282884e-18
12.98 4.4843104e-18
12.99 4.6854124e-18
13 4.8861509e-18
13.01 5.086654e-18
13.02 5.2868137e-18
13.03 5.4866869e-18
13.04 5.6862673e-18
13.05 5.8854772e-18
13.06 6.0843843e-18
13.07 6.2830367e-18
13.08 6.481328e-18
13.09 6.6793287e-18
13.1 6.8770552e-18
13.11 7.0744071e-18
13.12 7.2715123e-18
13.13 7.468314e-18
13.14 7.6647306e-18
13.15 7.8609199e-18
13.16 8.0568317e-18
13.17 8.2523368e-18
13.18 8.4476464e-18
13.19 8.6425713e-18
13.2 8.8371877e-18
13.21 9.0316264e-18
13.22 9.2256227e-18
13.23 9.4193752e-18
13.24 9.6128021e-18
13.25 9.8059442e-18
13.26 9.9987983e-18
13.27 1.0191379e-17
13.28 1.0383593e-17
13.29 1.0575578e-17
13.3 1.0767246e-17
13.31 1.0958584e-17
13.32 1.1149669e-17
13.33 1.134046e-17
13.34 1.1530938e-17
13.35 1.1721191e-17
13.36 1.191105e-17
13.37 1.2100656e-17
13.38 1.2290003e-17
13.39 1.2478982e-17
13.4 1.2667701e-17
13.41 1.2856213e-17
13.42 1.3044346e-17
13.43 1.3232248e-17
13.44 1.3419828e-17
13.45 1.3607105e-17
13.46 1.3794148e-17
13.47 1.3980878e-17
13.48 1.4167302e-17
13.49 1.4353512e-17
13.5 1.4539392e-17
13.51 1.4724972e-17
13.52 1.4910317e-17
13.53 1.509532e-17
13.54 1.5280079e-17
13.55 1.5464591e-17
13.56 1.564876e-17
13.57 1.5832692e-17
13.58 1.6016338e-17
13.59 1.6199684e-17
13.6 1.6382816e-17
13.61 1.6565639e-17
13.62 1.6748139e-17
13.63 1.6930414e-17
13.64 1.7112409e-17
13.65 1.7294118e-17
13.66 1.7475581e-17
13.67 1.7656732e-17
13.68 1.7837648e-17
13.69 1.8018296e-17
13.7 1.819862e-17
13.71 1.8378714e-17
13.72 1.855853e-17
13.73 1.8738085e-17
13.74 1.8917386e-17
13.75 1.9096433e-17
13.76 1.9275183e-17
13.77 1.9453638e-17
13.78 1.9631878e-17
13.79 1.9809849e-17
13.8 1.9987523e-17
13.81 2.0164977e-17
13.82 2.0342133e-17
13.83 2.0519088e-17
13.84 2.0695656e-17
13.85 2.0872032e-17
13.86 2.1048224e-17
13.87 2.1223997e-17
13.88 2.1399636e-17
13.89 2.1575004e-17
13.9 2.1750049e-17
13.91 2.1924895e-17
13.92 2.2099466e-17
13.93 2.2273777e-17
13.94 2.2447833e-17
13.95 2.2621639e-17
13.96 2.2795182e-17
13.97 2.2968544e-17
13.98 2.3141523e-17
13.99 2.3314341e-17
14 2.3486925e-17
14.01 2.3658985e-17
14.02 2.383108e-17
14.03 2.4002837e-17
14.04 2.4174284e-17
14.05 2.4345667e-17
14.06 2.4516566e-17
14.07 2.4687409e-17
14.08 2.4857944e-17
14.09 2.5028227e-17
14.1 2.5198304e-17
14.11 2.5368057e-17
14.12 2.5537646e-17
14.13 2.5706971e-17
14.14 2.5875931e-17
14.15 2.6044819e-17
14.16 2.6213342e-17
14.17 2.6381712e-17
14.18 2.6549793e-17
14.19 2.6717566e-17
14.2 2.6885317e-17
14.21 2.7052531e-17
14.22 2.7219737e-17
14.23 2.7386594e-17
14.24 2.7553164e-17
14.25 2.7719673e-17
14.26 2.7885723e-17
14.27 2.8051742e-17
14.28 2.8217393e-17
14.29 2.8382799e-17
14.3 2.8548115e-17
14.31 2.8713011e-17
14.32 2.8877803e-17
14.33 2.9042305e-17
14.34 2.9206535e-17
14.35 2.9370653e-17
14.36 2.9534343e-17
14.37 2.9697984e-17
14.38 2.9861334e-17
14.39 3.0024411e-17
14.4 3.0187356e-17
14.41 3.0349936e-17
14.42 3.0512382e-17
14.43 3.0674563e-17
14.44 3.0836455e-17
14.45 3.0998366e-17
14.46 3.1159693e-17
14.47 3.132106e-17
14.48 3.1482062e-17
14.49 3.1642853e-17
14.5 3.1803553e-17
14.51 3.1963826e-17
14.52 3.2123993e-17
14.53 3.2283934e-17
14.54 3.244354e-17
14.55 3.2603118e-17
14.56 3.27623e-17
14.57 3.2921342e-17
14.58 3.3080112e-17
14.59 3.3238696e-17
14.6 3.3397117e-17
14.61 3.3555158e-17
14.62 3.3713162e-17
14.63 3.3870824e-17
14.64 3.4028236e-17
14.65 3.4185601e-17
14.66 3.4342525e-17
14.67 3.4499399e-17
14.68 3.4655986e-17
14.69 3.4812366e-17
14.7 3.4968668e-17
14.71 3.5124461e-17
14.72 3.5280253e-17
14.73 3.5435775e-17
14.74 3.5591036e-17
14.75 3.5746188e-17
14.76 3.5901002e-17
14.77 3.60557e-17
14.78 3.6210166e-17
14.79 3.6364309e-17
14.8 3.651841e-17
14.81 3.6672174e-17
14.82 3.6825839e-17
14.83 3.6979234e-17
14.84 3.7132391e-17
14.85 3.7285401e-17
14.86 3.7438082e-17
14.87 3.759071e-17
14.88 3.7743068e-17
14.89 3.7895147e-17
14.9 3.8047185e-17
14.91 3.8198833e-17
14.92 3.8350384e-17
14.93 3.8501682e-17
14.94 3.8652754e-17
14.95 3.8803748e-17
14.96 3.8954369e-17
14.97 3.9104961e-17
14.98 3.9255258e-17
14.99 3.9405383e-17
15 3.9554896e-17
15.01 3.9702864e-17
15.02 3.9850666e-17
15.03 3.9998294e-17
15.04 4.0145696e-17
15.05 4.0292936e-17
15.06 4.0439965e-17
15.07 4.0586805e-17
15.08 4.0733407e-17
15.09 4.0879868e-17
15.1 4.1026091e-17
15.11 4.1172151e-17
15.12 4.1318046e-17
15.13 4.1463706e-17
15.14 4.1609148e-17
15.15 4.1754444e-17
15.16 4.1899544e-17
15.17 4.2044434e-17
15.18 4.2189143e-17
15.19 4.2333668e-17
15.2 4.2477996e-17
15.21 4.2622171e-17
15.22 4.2766077e-17
15.23 4.2909843e-17
15.24 4.3053422e-17
15.25 4.3196799e-17
15.26 4.3339999e-17
15.27 4.3483015e-17
15.28 4.3625814e-17
15.29 4.3768441e-17
15.3 4.3910923e-17
15.31 4.4053182e-17
15.32 4.4195237e-17
15.33 4.4337131e-17
15.34 4.4478841e-17
15.35 4.4620377e-17
15.36 4.47617e-17
15.37 4.4902867e-17
15.38 4.504384e-17
15.39 4.5184607e-17
15.4 4.5325211e-17
15.41 4.5465624e-17
15.42 4.5605884e-17
15.43 4.574594e-17
15.44 4.5885797e-17
15.45 4.6025494e-17
15.46 4.6165019e-17
15.47 4.6304343e-17
15.48 4.6443481e-17
15.49 4.6582505e-17
15.5 4.6721298e-17
15.51 4.6859883e-17
15.52 4.699832e-17
15.53 4.7136566e-17
15.54 4.7274673e-17
15.55 4.7412568e-17
15.56 4.7550279e-17
15.57 4.7687854e-17
15.58 4.7825208e-17
15.59 4.7962417e-17
15.6 4.8099465e-17
15.61 4.8236263e-17
15.62 4.8372932e-17
15.63 4.8509489e-17
15.64 4.864577e-17
15.65 4.8781907e-17
15.66 4.8917895e-17
15.67 4.9053668e-17
15.68 4.9189322e-17
15.69 4.9324782e-17
15.7 4.9460032e-17
15.71 4.9595131e-17
15.72 4.9730085e-17
15.73 4.9864845e-17
15.74 4.9999447e-17
15.75 5.0133854e-17
15.76 5.0268114e-17
15.77 5.040217e-17
15.78 5.0536095e-17
15.79 5.0669866e-17
15.8 5.0803429e-17
15.81 5.0936831e-17
15.82 5.1070039e-17
15.83 5.1203139e-17
15.84 5.1336008e-17
15.85 5.1468755e-17
15.86 5.160132e-17
15.87 5.1733717e-17
15.88 5.1865935e-17
15.89 5.1997996e-17
15.9 5.2129883e-17
15.91 5.2261612e-17
15.92 5.2393192e-17
15.93 5.2524593e-17
15.94 5.265583e-17
15.95 5.2786905e-17
15.96 5.2917814e-17
15.97 5.3048563e-17
15.98 5.3179125e-17
15.99 5.3309542e-17
16 5.3439783e-17
16.01 5.3569886e-17
16.02 5.3699837e-17
16.03 5.3829594e-17
16.04 5.3959199e-17
16.05 5.4088655e-17
16.06 5.4217897e-17
16.07 5.4347031e-17
16.08 5.4476023e-17
16.09 5.4604794e-17
16.1 5.473342e-17
16.11 5.4861908e-17
16.12 5.4990233e-17
16.13 5.5118395e-17
16.14 5.5246374e-17
16.15 5.5374219e-17
16.16 5.5501913e-17
16.17 5.5629444e-17
16.18 5.5756798e-17
16.19 5.5884045e-17
16.2 5.6011089e-17
16.21 5.6137975e-17
16.22 5.6264744e-17
16.23 5.6391308e-17
16.24 5.6517731e-17
16.25 5.6644017e-17
16.26 5.6770136e-17
16.27 5.6896109e-17
16.28 5.702193e-17
16.29 5.7147569e-17
16.3 5.7273058e-17
16.31 5.7398398e-17
16.32 5.7523596e-17
16.33 5.7648644e-17
16.34 5.7773534e-17
16.35 5.7898261e-17
16.36 5.8022847e-17
16.37 5.8147269e-17
16.38 5.8271548e-17
16.39 5.8395696e-17
16.4 5.8519667e-17
16.41 5.8643481e-17
16.42 5.8767174e-17
16.43 5.8890693e-17
16.44 5.9014064e-17
16.45 5.9137264e-17
16.46 5.9260329e-17
16.47 5.938324e-17
16.48 5.9506012e-17
16.49 5.9628647e-17
16.5 5.9751127e-17
16.51 5.9873451e-17
16.52 5.9995626e-17
16.53 6.0117671e-17
16.54 6.0239562e-17
16.55 6.0361293e-17
16.56 6.0482906e-17
16.57 6.0604337e-17
16.58 6.0725628e-17
16.59 6.084676e-17
16.6 6.0967793e-17
16.61 6.1088623e-17
16.62 6.1209358e-17
16.63 6.1329927e-17
16.64 6.1450329e-17
16.65 6.157063e-17
16.66 6.1690762e-17
16.67 6.1810735e-17
16.68 6.1930576e-17
16.69 6.2050282e-17
16.7 6.2169861e-17
16.71 6.2289246e-17
16.72 6.2408539e-17
16.73 6.2527695e-17
16.74 6.2646663e-17
16.75 6.276552e-17
16.76 6.2884201e-17
16.77 6.3002795e-17
16.78 6.312123e-17
16.79 6.3239474e-17
16.8 6.3357608e-17
16.81 6.3475638e-17
16.82 6.3593462e-17
16.83 6.371119e-17
16.84 6.3828771e-17
16.85 6.3946193e-17
16.86 6.4063526e-17
16.87 6.4180679e-17
16.88 6.4297693e-17
16.89 6.4414581e-17
16.9 6.4531338e-17
16.91 6.4647918e-17
16.92 6.4764399e-17
16.93 6.4880728e-17
16.94 6.4996902e-17
16.95 6.5112992e-17
16.96 6.5228918e-17
16.97 6.5344686e-17
16.98 6.5460368e-17
16.99 6.5575832e-17
17 6.5691194e-17
17.01 6.5806454e-17
17.02 6.5921553e-17
17.03 6.6036552e-17
17.04 6.6151373e-17
17.05 6.6266067e-17
17.06 6.6380634e-17
17.07 6.6495074e-17
17.08 6.6609373e-17
17.09 6.6723524e-17
17.1 6.6837551e-17
17.11 6.6951464e-17
17.12 6.706521e-17
17.13 6.7178834e-17
17.14 6.7292315e-17
17.15 6.7405721e-17
17.16 6.7518944e-17
17.17 6.7632035e-17
17.18 6.7745007e-17
17.19 6.785784e-17
17.2 6.7970573e-17
17.21 6.8083134e-17
17.22 6.819558e-17
17.23 6.8307908e-17
17.24 6.8420078e-17
17.25 6.8532135e-17
17.26 6.8644084e-17
17.27 6.8755833e-17
17.28 6.88675e-17
17.29 6.8979088e-17
17.3 6.9090473e-17
17.31 6.9201728e-17
17.32 6.931291e-17
17.33 6.9423896e-17
17.34 6.9534812e-17
17.35 6.9645578e-17
17.36 6.9756187e-17
17.37 6.9866707e-17
17.38 6.997711e-17
17.39 7.0087375e-17
17.4 7.019749e-17
17.41 7.0307503e-17
17.42 7.0417371e-17
17.43 7.052711e-17
17.44 7.0636752e-17
17.45 7.0746237e-17
17.46 7.085561e-17
17.47 7.0964871e-17
17.48 7.1074016e-17
17.49 7.1183014e-17
17.5 7.1291872e-17
17.51 7.140063e-17
17.52 7.1509252e-17
17.53 7.1617755e-17
17.54 7.1726151e-17
17.55 7.1834394e-17
17.56 7.1942526e-17
17.57 7.2050559e-17
17.58 7.2158417e-17
17.59 7.226618e-17
17.6 7.2373807e-17
17.61 7.2481307e-17
17.62 7.2588722e-17
17.63 7.2696006e-17
17.64 7.2803147e-17
17.65 7.291019e-17
17.66 7.30171e-17
17.67 7.3123887e-17
17.68 7.3230566e-17
17.69 7.3337098e-17
17.7 7.3443514e-17
17.71 7.3549832e-17
17.72 7.3656038e-17
17.73 7.3762112e-17
17.74 7.3868057e-17
17.75 7.3973868e-17
17.76 7.4079604e-17
17.77 7.4185179e-17
17.78 7.4290626e-17
17.79 7.4396003e-17
17.8 7.4501249e-17
17.81 7.460634e-17
17.82 7.4711354e-17
17.83 7.4816244e-17
17.84 7.4921011e-17
17.85 7.5025654e-17
17.86 7.5130186e-17
17.87 7.5234585e-17
17.88 7.5338862e-17
17.89 7.5443056e-17
17.9 7.5547116e-17
17.91 7.565108e-17
17.92 7.5754876e-17
17.93 7.5858587e-17
17.94 7.5962193e-17
17.95 7.6065668e-17
17.96 7.6169043e-17
17.97 7.6272287e-17
17.98 7.6375441e-17
17.99 7.6478454e-17
18 7.6581376e-17
18.01 7.6684159e-17
18.02 7.6786885e-17
18.03 7.6889406e-17
18.04 7.6991869e-17
18.05 7.7094214e-17
18.06 7.7196448e-17
18.07 7.729854e-17
18.08 7.7400543e-17
18.09 7.7502424e-17
18.1 7.7604205e-17
18.11 7.7705859e-17
18.12 7.7807422e-17
18.13 7.7908842e-17
18.14 7.8010181e-17
18.15 7.8111404e-17
18.16 7.8212495e-17
18.17 7.8313467e-17
18.18 7.8414356e-17
18.19 7.8515168e-17
18.2 7.8615814e-17
18.21 7.8716361e-17
18.22 7.8816787e-17
18.23 7.8917097e-17
18.24 7.9017335e-17
18.25 7.9117448e-17
18.26 7.9217441e-17
18.27 7.9317307e-17
18.28 7.9417101e-17
18.29 7.9516787e-17
18.3 7.9616367e-17
18.31 7.9715791e-17
18.32 7.9815127e-17
18.33 7.9914391e-17
18.34 8.0013483e-17
18.35 8.011252e-17
18.36 8.0211425e-17
18.37 8.0310229e-17
18.38 8.0408949e-17
18.39 8.0507536e-17
18.4 8.0605984e-17
18.41 8.0704387e-17
18.42 8.080262e-17
18.43 8.0900783e-17
18.44 8.099887e-17
18.45 8.1096801e-17
18.46 8.1194652e-17
18.47 8.1292366e-17
18.48 8.1390008e-17
18.49 8.1487534e-17
18.5 8.1584979e-17
18.51 8.1682263e-17
18.52 8.1779479e-17
18.53 8.1876586e-17
18.54 8.1973593e-17
18.55 8.2070485e-17
18.56 8.2167244e-17
18.57 8.2263938e-17
18.58 8.2360553e-17
18.59 8.2457015e-17
18.6 8.2553398e-17
18.61 8.2649691e-17
18.62 8.2745836e-17
18.63 8.2841907e-17
18.64 8.2937856e-17
18.65 8.3033722e-17
18.66 8.3129471e-17
18.67 8.3225153e-17
18.68 8.3320683e-17
18.69 8.3416139e-17
18.7 8.3511477e-17
18.71 8.3606721e-17
18.72 8.3701851e-17
18.73 8.3796885e-17
18.74 8.3891833e-17
18.75 8.3986696e-17
18.76 8.4081416e-17
18.77 8.4176058e-17
18.78 8.4270579e-17
18.79 8.4365018e-17
18.8 8.445936e-17
18.81 8.4553596e-17
18.82 8.464771e-17
18.83 8.4741747e-17
18.84 8.4835687e-17
18.85 8.4929539e-17
18.86 8.502325e-17
18.87 8.5116916e-17
18.88 8.5210433e-17
18.89 8.5303866e-17
18.9 8.5397196e-17
18.91 8.5490452e-17
18.92 8.5583584e-17
18.93 8.5676635e-17
18.94 8.5769586e-17
18.95 8.5862437e-17
18.96 8.5955182e-17
18.97 8.6047834e-17
18.98 8.6140367e-17
18.99 8.6232831e-17
19 8.6325219e-17
19.01 8.6417445e-17
19.02 8.65096e-17
19.03 8.6601684e-17
19.04 8.6693645e-17
19.05 8.6785516e-17
19.06 8.68773e-17
19.07 8.6969005e-17
19.08 8.7060585e-17
19.09 8.7152058e-17
19.1 8.7243473e-17
19.11 8.7334766e-17
19.12 8.7425946e-17
19.13 8.751708e-17
19.14 8.7608097e-17
19.15 8.7698979e-17
19.16 8.7789824e-17
19.17 8.7880536e-17
19.18 8.7971169e-17
19.19 8.8061721e-17
19.2 8.8152159e-17
19.21 8.8242516e-17
19.22 8.8332771e-17
19.23 8.8422931e-17
19.24 8.8513003e-17
19.25 8.8602967e-17
19.26 8.8692844e-17
19.27 8.8782642e-17
19.28 8.8872314e-17
19.29 8.8961946e-17
19.3 8.9051455e-17
19.31 8.9140865e-17
19.32 8.9230183e-17
19.33 8.9319412e-17
19.34 8.940858e-17
19.35 8.9497598e-17
19.36 8.9586544e-17
19.37 8.9675439e-17
19.38 8.9764204e-17
19.39 8.9852869e-17
19.4 8.9941478e-17
19.41 9.0029945e-17
19.42 9.0118376e-17
19.43 9.0206687e-17
19.44 9.0294923e-17
19.45 9.0383032e-17
19.46 9.0471072e-17
19.47 9.0559021e-17
19.48 9.0646885e-17
19.49 9.0734675e-17
19.5 9.0822355e-17
19.51 9.0909937e-17
19.52 9.0997445e-17
19.53 9.1084863e-17
19.54 9.1172194e-17
19.55 9.1259391e-17
19.56 9.1346544e-17
19.57 9.1433607e-17
19.58 9.1520573e-17
19.59 9.1607435e-17
19.6 9.1694249e-17
19.61 9.1780948e-17
19.62 9.1867555e-17
19.63 9.1954074e-17
19.64 9.2040511e-17
19.65 9.2126865e-17
19.66 9.2213113e-17
19.67 9.2299284e-17
19.68 9.2385392e-17
19.69 9.2471363e-17
19.7 9.2557275e-17
19.71 9.2643117e-17
19.72 9.2728849e-17
19.73 9.2814508e-17
19.74 9.290005e-17
19.75 9.298551e-17
19.76 9.3070936e-17
19.77 9.3156232e-17
19.78 9.3241444e-17
19.79 9.3326587e-17
19.8 9.3411591e-17
19.81 9.3496559e-17
19.82 9.3581446e-17
19.83 9.366623e-17
19.84 9.3750917e-17
19.85 9.3835557e-17
19.86 9.3920062e-17
19.87 9.4004499e-17
19.88 9.4088872e-17
19.89 9.4173157e-17
19.9 9.4257329e-17
19.91 9.4341448e-17
19.92 9.4425472e-17
19.93 9.4509418e-17
19.94 9.4593271e-17
19.95 9.4677058e-17
19.96 9.476072e-17
19.97 9.4844342e-17
19.98 9.4927838e-17
19.99 9.5010432e-17
20 9.5052982e-17
20.01 9.5052982e-17
20.02 9.5052982e-17
20.03 9.5052982e-17
20.04 9.5052982e-17
20.05 9.5052982e-17
20.06 9.5052982e-17
20.07 9.5052982e-17
20.08 9.5052982e-17
20.09 9.5052982e-17
20.1 9.5052982e-17
20.11 9.5052982e-17
20.12 9.5052982e-17
20.13 9.5052982e-17
20.14 9.5052982e-17
20.15 9.5052982e-17
20.16 9.5052982e-17
20.17 9.5052982e-17
20.18 9.5052982e-17
20.19 9.5052982e-17
20.2 9.5052982e-17
20.21 9.5052982e-17
20.22 9.5052982e-17
20.23 9.5052982e-17
20.24 9.5052982e-17
20.25 9.5052982e-17
20.26 9.5052982e-17
20.27 9.5052982e-17
20.28 9.5052982e-17
20.29 9.5052982e-17
20.3 9.5052982e-17
20.31 9.5052982e-17
20.32 9.5052982e-17
20.33 9.5052982e-17
20.34 9.5052982e-17
20.35 9.5052982e-17
20.36 9.5052982e-17
20.37 9.5052982e-17
20.38 9.5052982e-17
20.39 9.5052982e-17
20.4 9.5052982e-17
20.41 9.5052982e-17
20.42 9.5052982e-17
20.43 9.5052982e-17
20.44 9.5052982e-17
20.45 9.5052982e-17
20.46 9.5052982e-17
20.47 9.5052982e-17
20.48 9.5052982e-17
20.49 9.5052982e-17
20.5 9.5052982e-17
20.51 9.5052982e-17
20.52 9.5052982e-17
20.53 9.5052982e-17
20.54 9.5052982e-17
20.55 9.5052982e-17
20.56 9.5052982e-17
20.57 9.5052982e-17
20.58 9.5052982e-17
20.59 9.5052982e-17
20.6 9.5052982e-17
20.61 9.5052982e-17
20.62 9.5052982e-17
20.63 9.5052982e-17
20.64 9.5052982e-17
20.65 9.5052982e-17
20.66 9.5052982e-17
20.67 9.5052982e-17
20.68 9.5052982e-17
20.69 9.5052982e-17
20.7 9.5052982e-17
20.71 9.5052982e-17
20.72 9.5052982e-17
20.73 9.5052982e-17
20.74 9.5052982e-17
20.75 9.5052982e-17
20.76 9.5052982e-17
20.77 9.5052982e-17
20.78 9.5052982e-17
20.79 9.5052982e-17
20.8 9.5052982e-17
20.81 9.5052982e-17
20.82 9.5052982e-17
20.83 9.5052982e-17
20.84 9.5052982e-17
20.85 9.5052982e-17
20.86 9.5052982e-17
20.87 9.5052982e-17
20.88 9.5052982e-17
20.89 9.5052982e-17
20.9 9.5052982e-17
20.91 9.5052982e-17
20.92 9.5052982e-17
20.93 9.5052982e-17
20.94 9.5052982e-17
20.95 9.5052982e-17
20.96 9.5052982e-17
20.97 9.5052982e-17
20.98 9.5052982e-17
20.99 9.5052982e-17
21 9.5052982e-17
21.01 9.5052982e-17
21.02 9.5052982e-17
21.03 9.5052982e-17
21.04 9.5052982e-17
21.05 9.5052982e-17
21.06 9.5052982e-17
21.07 9.5052982e-17
21.08 9.5052982e-17
21.09 9.5052982e-17
21.1 9.5052982e-17
21.11 9.5052982e-17
21.12 9.5052982e-17
21.13 9.5052982e-17
21.14 9.5052982e-17
21.15 9.5052982e-17
21.16 9.5052982e-17
21.17 9.5052982e-17
21.18 9.5052982e-17
21.19 9.5052982e-17
21.2 9.5052982e-17
21.21 9.5052982e-17
21.22 9.5052982e-17
21.23 9.5052982e-17
21.24 9.5052982e-17
21.25 9.5052982e-17
21.26 9.5052982e-17
21.27 9.5052982e-17
21.28 9.5052982e-17
21.29 9.5052982e-17
21.3 9.5052982e-17
21.31 9.5052982e-17
21.32 9.5052982e-17
21.33 9.5052982e-17
21.34 9.5052982e-17
21.35 9.5052982e-17
21.36 9.5052982e-17
21.37 9.5052982e-17
21.38 9.5052982e-17
21.39 9.5052982e-17
21.4 9.5052982e-17
21.41 9.5052982e-17
21.42 9.5052982e-17
21.43 9.5052982e-17
21.44 9.5052982e-17
21.45 9.5052982e-17
21.46 9.5052982e-17
21.47 9.5052982e-17
21.48 9.5052982e-17
21.49 9.5052982e-17
21.5 9.5052982e-17
21.51 9.5052982e-17
21.52 9.5052982e-17
21.53 9.5052982e-17
21.54 9.5052982e-17
21.55 9.5052982e-17
21.56 9.5052982e-17
21.57 9.5052982e-17
21.58 9.5052982e-17
21.59 9.5052982e-17
21.6 9.5052982e-17
21.61 9.5052982e-17
21.62 9.5052982e-17
21.63 9.5052982e-17
21.64 9.5052982e-17
21.65 9.5052982e-17
21.66 9.5052982e-17
21.67 9.5052982e-17
21.68 9.5052982e-17
21.69 9.5052982e-17
21.7 9.5052982e-17
21.71 9.5052982e-17
21.72 9.5052982e-17
21.73 9.5052982e-17
21.74 9.5052982e-17
21.75 9.5052982e-17
21.76 9.5052982e-17
21.77 9.5052982e-17
21.78 9.5052982e-17
21.79 9.5052982e-17
21.8 9.5052982e-17
21.81 9.5052982e-17
21.82 9.5052982e-17
21.83 9.5052982e-17
21.84 9.5052982e-17
21.85 9.5052982e-17
21.86 9.5052982e-17
21.87 9.5052982e-17
21.88 9.5052982e-17
21.89 9.5052982e-17
21.9 9.5052982e-17
21.91 9.5052982e-17
21.92 9.5052982e-17
21.93 9.5052982e-17
21.94 9.5052982e-17
21.95 9.5052982e-17
21.96 9.5052982e-17
21.97 9.5052982e-17
21.98 9.5052982e-17
21.99 9.5052982e-17
22 9.5052982e-17
22.01 9.5052982e-17
22.02 9.5052982e-17
22.03 9.5052982e-17
22.04 9.5052982e-17
22.05 9.5052982e-17
22.06 9.5052982e-17
22.07 9.5052982e-17
22.08 9.5052982e-17
22.09 9.5052982e-17
22.1 9.5052982e-17
22.11 9.5052982e-17
22.12 9.5052982e-17
22.13 9.5052982e-17
22.14 9.5052982e-17
22.15 9.5052982e-17
22.16 9.5052982e-17
22.17 9.5052982e-17
22.18 9.5052982e-17
22.19 9.5052982e-17
22.2 9.5052982e-17
22.21 9.5052982e-17
22.22 9.5052982e-17
22.23 9.5052982e-17
22.24 9.5052982e-17
22.25 9.5052982e-17
22.26 9.5052982e-17
22.27 9.5052982e-17
22.28 9.5052982e-17
22.29 9.5052982e-17
22.3 9.5052982e-17
22.31 9.5052982e-17
22.32 9.5052982e-17
22.33 9.5052982e-17
22.34 9.5052982e-17
22.35 9.5052982e-17
22.36 9.5052982e-17
22.37 9.5052982e-17
22.38 9.5052982e-17
22.39 9.5052982e-17
22.4 9.5052982e-17
22.41 9.5052982e-17
22.42 9.5052982e-17
22.43 9.5052982e-17
22.44 9.5052982e-17
22.45 9.5052982e-17
22.46 9.5052982e-17
22.47 9.5052982e-17
22.48 9.5052982e-17
22.49 9.5052982e-17
22.5 9.5052982e-17
22.51 9.5052982e-17
22.52 9.5052982e-17
22.53 9.5052982e-17
22.54 9.5052982e-17
22.55 9.5052982e-17
22.56 9.5052982e-17
22.57 9.5052982e-17
22.58 9.5052982e-17
22.59 9.5052982e-17
22.6 9.5052982e-17
22.61 9.5052982e-17
22.62 9.5052982e-17
22.63 9.5052982e-17
22.64 9.5052982e-17
22.65 9.5052982e-17
22.66 9.5052982e-17
22.67 9.5052982e-17
22.68 9.5052982e-17
22.69 9.5052982e-17
22.7 9.5052982e-17
22.71 9.5052982e-17
22.72 9.5052982e-17
22.73 9.5052982e-17
22.74 9.5052982e-17
22.75 9.5052982e-17
22.76 9.5052982e-17
22.77 9.5052982e-17
22.78 9.5052982e-17
22.79 9.5052982e-17
22.8 9.5052982e-17
22.81 9.5052982e-17
22.82 9.5052982e-17
22.83 9.5052982e-17
22.84 9.5052982e-17
22.85 9.5052982e-17
22.86 9.5052982e-17
22.87 9.5052982e-17
22.88 9.5052982e-17
22.89 9.5052982e-17
22.9 9.5052982e-17
22.91 9.5052982e-17
22.92 9.5052982e-17
22.93 9.5052982e-17
22.94 9.5052982e-17
22.95 9.5052982e-17
22.96 9.5052982e-17
22.97 9.5052982e-17
22.98 9.5052982e-17
22.99 9.5052982e-17
23 9.5052982e-17
23.01 9.5052982e-17
23.02 9.5052982e-17
23.03 9.5052982e-17
23.04 9.5052982e-17
23.05 9.5052982e-17
23.06 9.5052982e-17
23.07 9.5052982e-17
23.08 9.5052982e-17
23.09 9.5052982e-17
23.1 9.5052982e-17
23.11 9.5052982e-17
23.12 9.5052982e-17
23.13 9.5052982e-17
23.14 9.5052982e-17
23.15 9.5052982e-17
23.16 9.5052982e-17
23.17 9.5052982e-17
23.18 9.5052982e-17
23.19 9.5052982e-17
23.2 9.5052982e-17
23.21 9.5052982e-17
23.22 9.5052982e-17
23.23 9.5052982e-17
23.24 9.5052982e-17
23.25 9.5052982e-17
23.26 9.5052982e-17
23.27 9.5052982e-17
23.28 9.5052982e-17
23.29 9.5052982e-17
23.3 9.5052982e-17
23.31 9.5052982e-17
23.32 9.5052982e-17
23.33 9.5052982e-17
23.34 9.5052982e-17
23.35 9.5052982e-17
23.36 9.5052982e-17
23.37 9.5052982e-17
23.38 9.5052982e-17
23.39 9.5052982e-17
23.4 9.5052982e-17
23.41 9.5052982e-17
23.42 9.5052982e-17
23.43 9.5052982e-17
23.44 9.5052982e-17
23.45 9.5052982e-17
23.46 9.5052982e-17
23.47 9.5052982e-17
23.48 9.5052982e-17
23.49 9.5052982e-17
23.5 9.5052982e-17
23.51 9.5052982e-17
23.52 9.5052982e-17
23.53 9.5052982e-17
23.54 9.5052982e-17
23.55 9.5052982e-17
23.56 9.5052982e-17
23.57 9.5052982e-17
23.58 9.5052982e-17
23.59 9.5052982e-17
23.6 9.5052982e-17
23.61 9.5052982e-17
23.62 9.5052982e-17
23.63 9.5052982e-17
23.64 9.5052982e-17
23.65 9.5052982e-17
23.66 9.5052982e-17
23.67 9.5052982e-17
23.68 9.5052982e-17
23.69 9.5052982e-17
23.7 9.5052982e-17
23.71 9.5052982e-17
23.72 9.5052982e-17
23.73 9.5052982e-17
23.74 9.5052982e-17
23.75 9.5052982e-17
23.76 9.5052982e-17
23.77 9.5052982e-17
23.78 9.5052982e-17
23.79 9.5052982e-17
23.8 9.5052982e-17
23.81 9.5052982e-17
23.82 9.5052982e-17
23.83 9.5052982e-17
23.84 9.5052982e-17
23.85 9.5052982e-17
23.86 9.5052982e-17
23.87 9.5052982e-17
23.88 9.5052982e-17
23.89 9.5052982e-17
23.9 9.5052982e-17
23.91 9.5052982e-17
23.92 9.5052982e-17
23.93 9.5052982e-17
23.94 9.5052982e-17
23.95 9.5052982e-17
23.96 9.5052982e-17
23.97 9.5052982e-17
23.98 9.5052982e-17
23.99 9.5052982e-17
24 9.5052982e-17
24.01 9.5052982e-17
24.02 9.5052982e-17
24.03 9.5052982e-17
24.04 9.5052982e-17
24.05 9.5052982e-17
24.06 9.5052982e-17
24.07 9.5052982e-17
24.08 9.5052982e-17
24.09 9.5052982e-17
24.1 9.5052982e-17
24.11 9.5052982e-17
24.12 9.5052982e-17
24.13 9.5052982e-17
24.14 9.5052982e-17
24.15 9.5052982e-17
24.16 9.5052982e-17
24.17 9.5052982e-17
24.18 9.5052982e-17
24.19 9.5052982e-17
24.2 9.5052982e-17
24.21 9.5052982e-17
24.22 9.5052982e-17
24.23 9.5052982e-17
24.24 9.5052982e-17
24.25 9.5052982e-17
24.26 9.5052982e-17
24.27 9.5052982e-17
24.28 9.5052982e-17
24.29 9.5052982e-17
24.3 9.5052982e-17
24.31 9.5052982e-17
24.32 9.5052982e-17
24.33 9.5052982e-17
24.34 9.5052982e-17
24.35 9.5052982e-17
24.36 9.5052982e-17
24.37 9.5052982e-17
24.38 9.5052982e-17
24.39 9.5052982e-17
24.4 9.5052982e-17
24.41 9.5052982e-17
24.42 9.5052982e-17
24.43 9.5052982e-17
24.44 9.5052982e-17
24.45 9.5052982e-17
24.46 9.5052982e-17
24.47 9.5052982e-17
24.48 9.5052982e-17
24.49 9.5052982e-17
24.5 9.5052982e-17
24.51 9.5052982e-17
24.52 9.5052982e-17
24.53 9.5052982e-17
24.54 9.5052982e-17
24.55 9.5052982e-17
24.56 9.5052982e-17
24.57 9.5052982e-17
24.58 9.5052982e-17
24.59 9.5052982e-17
24.6 9.5052982e-17
24.61 9.5052982e-17
24.62 9.5052982e-17
24.63 9.5052982e-17
24.64 9.5052982e-17
24.65 9.5052982e-17
24.66 9.5052982e-17
24.67 9.5052982e-17
24.68 9.5052982e-17
24.69 9.5052982e-17
24.7 9.5052982e-17
24.71 9.5052982e-17
24.72 9.5052982e-17
24.73 9.5052982e-17
24.74 9.5052982e-17
24.75 9.5052982e-17
24.76 9.5052982e-17
24.77 9.5052982e-17
24.78 9.5052982e-17
24.79 9.5052982e-17
24.8 9.5052982e-17
24.81 9.5052982e-17
24.82 9.5052982e-17
24.83 9.5052982e-17
24.84 9.5052982e-17
24.85 9.5052982e-17
24.86 9.5052982e-17
24.87 9.5052982e-17
24.88 9.5052982e-17
24.89 9.5052982e-17
24.9 9.5052982e-17
24.91 9.5052982e-17
24.92 9.5052982e-17
24.93 9.5052982e-17
24.94 9.5052982e-17
24.95 9.5052982e-17
24.96 9.5052982e-17
24.97 9.5052982e-17
24.98 9.5052982e-17
24.99 9.5052982e-17
25 9.5052982e-17
25.01 9.5052982e-17
25.02 9.5052982e-17
25.03 9.5052982e-17
25.04 9.5052982e-17
25.05 9.5052982e-17
25.06 9.5052982e-17
25.07 9.5052982e-17
25.08 9.5052982e-17
25.09 9.5052982e-17
25.1 9.5052982e-17
25.11 9.5052982e-17
25.12 9.5052982e-17
25.13 9.5052982e-17
25.14 9.5052982e-17
25.15 9.5052982e-17
25.16 9.5052982e-17
25.17 9.5052982e-17
25.18 9.5052982e-17
25.19 9.5052982e-17
25.2 9.5052982e-17
25.21 9.5052982e-17
25.22 9.5052982e-17
25.23 9.5052982e-17
25.24 9.5052982e-17
25.25 9.5052982e-17
25.26 9.5052982e-17
25.27 9.5052982e-17
25.28 9.5052982e-17
25.29 9.5052982e-17
25.3 9.5052982e-17
25.31 9.5052982e-17
25.32 9.5052982e-17
25.33 9.5052982e-17
25.34 9.5052982e-17
25.35 9.5052982e-17
25.36 9.5052982e-17
25.37 9.5052982e-17
25.38 9.5052982e-17
25.39 9.5052982e-17
25.4 9.5052982e-17
25.41 9.5052982e-17
25.42 9.5052982e-17
25.43 9.5052982e-17
25.44 9.5052982e-17
25.45 9.5052982e-17
25.46 9.5052982e-17
25.47 9.5052982e-17
25.48 9.5052982e-17
25.49 9.5052982e-17
25.5 9.5052982e-17
25.51 9.5052982e-17
25.52 9.5052982e-17
25.53 9.5052982e-17
25.54 9.5052982e-17
25.55 9.5052982e-17
25.56 9.5052982e-17
25.57 9.5052982e-17
25.58 9.5052982e-17
25.59 9.5052982e-17
25.6 9.5052982e-17
25.61 9.5052982e-17
25.62 9.5052982e-17
25.63 9.5052982e-17
25.64 9.5052982e-17
25.65 9.5052982e-17
25.66 9.5052982e-17
25.67 9.5052982e-17
25.68 9.5052982e-17
25.69 9.5052982e-17
25.7 9.5052982e-17
25.71 9.5052982e-17
25.72 9.5052982e-17
25.73 9.5052982e-17
25.74 9.5052982e-17
25.75 9.5052982e-17
25.76 9.5052982e-17
25.77 9.5052982e-17
25.78 9.5052982e-17
25.79 9.5052982e-17
25.8 9.5052982e-17
25.81 9.5052982e-17
25.82 9.5052982e-17
25.83 9.5052982e-17
25.84 9.5052982e-17
25.85 9.5052982e-17
25.86 9.5052982e-17
25.87 9.5052982e-17
25.88 9.5052982e-17
25.89 9.5052982e-17
25.9 9.5052982e-17
25.91 9.5052982e-17
25.92 9.5052982e-17
25.93 9.5052982e-17
25.94 9.5052982e-17
25.95 9.5052982e-17
25.96 9.5052982e-17
25.97 9.5052982e-17
25.98 9.5052982e-17
25.99 9.5052982e-17
26 9.5052982e-17
26.01 9.5052982e-17
26.02 9.5052982e-17
26.03 9.5052982e-17
26.04 9.5052982e-17
26.05 9.5052982e-17
26.06 9.5052982e-17
26.07 9.5052982e-17
26.08 9.5052982e-17
26.09 9.5052982e-17
26.1 9.5052982e-17
26.11 9.5052982e-17
26.12 9.5052982e-17
26.13 9.5052982e-17
26.14 9.5052982e-17
26.15 9.5052982e-17
26.16 9.5052982e-17
26.17 9.5052982e-17
26.18 9.5052982e-17
26.19 9.5052982e-17
26.2 9.5052982e-17
26.21 9.5052982e-17
26.22 9.5052982e-17
26.23 9.5052982e-17
26.24 9.5052982e-17
26.25 9.5052982e-17
26.26 9.5052982e-17
26.27 9.5052982e-17
26.28 9.5052982e-17
26.29 9.5052982e-17
26.3 9.5052982e-17
26.31 9.5052982e-17
26.32 9.5052982e-17
26.33 9.5052982e-17
26.34 9.5052982e-17
26.35 9.5052982e-17
26.36 9.5052982e-17
26.37 9.5052982e-17
26.38 9.5052982e-17
26.39 9.5052982e-17
26.4 9.5052982e-17
26.41 9.5052982e-17
26.42 9.5052982e-17
26.43 9.5052982e-17
26.44 9.5052982e-17
26.45 9.5052982e-17
26.46 9.5052982e-17
26.47 9.5052982e-17
26.48 9.5052982e-17
26.49 9.5052982e-17
26.5 9.5052982e-17
26.51 9.5052982e-17
26.52 9.5052982e-17
26.53 9.5052982e-17
26.54 9.5052982e-17
26.55 9.5052982e-17
26.56 9.5052982e-17
26.57 9.5052982e-17
26.58 9.5052982e-17
26.59 9.5052982e-17
26.6 9.5052982e-17
26.61 9.5052982e-17
26.62 9.5052982e-17
26.63 9.5052982e-17
26.64 9.5052982e-17
26.65 9.5052982e-17
26.66 9.5052982e-17
26.67 9.5052982e-17
26.68 9.5052982e-17
26.69 9.5052982e-17
26.7 9.5052982e-17
26.71 9.5052982e-17
26.72 9.5052982e-17
26.73 9.5052982e-17
26.74 9.5052982e-17
26.75 9.5052982e-17
26.76 9.5052982e-17
26.77 9.5052982e-17
26.78 9.5052982e-17
26.79 9.5052982e-17
26.8 9.5052982e-17
26.81 9.5052982e-17
26.82 9.5052982e-17
26.83 9.5052982e-17
26.84 9.5052982e-17
26.85 9.5052982e-17
26.86 9.5052982e-17
26.87 9.5052982e-17
26.88 9.5052982e-17
26.89 9.5052982e-17
26.9 9.5052982e-17
26.91 9.5052982e-17
26.92 9.5052982e-17
26.93 9.5052982e-17
26.94 9.5052982e-17
26.95 9.5052982e-17
26.96 9.5052982e-17
26.97 9.5052982e-17
26.98 9.5052982e-17
26.99 9.5052982e-17
27 9.5052982e-17
27.01 9.5052982e-17
27.02 9.5052982e-17
27.03 9.5052982e-17
27.04 9.5052982e-17
27.05 9.5052982e-17
27.06 9.5052982e-17
27.07 9.5052982e-17
27.08 9.5052982e-17
27.09 9.5052982e-17
27.1 9.5052982e-17
27.11 9.5052982e-17
27.12 9.5052982e-17
27.13 9.5052982e-17
27.14 9.5052982e-17
27.15 9.5052982e-17
27.16 9.5052982e-17
27.17 9.5052982e-17
27.18 9.5052982e-17
27.19 9.5052982e-17
27.2 9.5052982e-17
27.21 9.5052982e-17
27.22 9.5052982e-17
27.23 9.5052982e-17
27.24 9.5052982e-17
27.25 9.5052982e-17
27.26 9.5052982e-17
27.27 9.5052982e-17
27.28 9.5052982e-17
27.29 9.5052982e-17
27.3 9.5052982e-17
27.31 9.5052982e-17
27.32 9.5052982e-17
27.33 9.5052982e-17
27.34 9.5052982e-17
27.35 9.5052982e-17
27.36 9.5052982e-17
27.37 9.5052982e-17
27.38 9.5052982e-17
27.39 9.5052982e-17
27.4 9.5052982e-17
27.41 9.5052982e-17
27.42 9.5052982e-17
27.43 9.5052982e-17
27.44 9.5052982e-17
27.45 9.5052982e-17
27.46 9.5052982e-17
27.47 9.5052982e-17
27.48 9.5052982e-17
27.49 9.5052982e-17
27.5 9.5052982e-17
27.51 9.5052982e-17
27.52 9.5052982e-17
27.53 9.5052982e-17
27.54 9.5052982e-17
27.55 9.5052982e-17
27.56 9.5052982e-17
27.57 9.5052982e-17
27.58 9.5052982e-17
27.59 9.5052982e-17
27.6 9.5052982e-17
27.61 9.5052982e-17
27.62 9.5052982e-17
27.63 9.5052982e-17
27.64 9.5052982e-17
27.65 9.5052982e-17
27.66 9.5052982e-17
27.67 9.5052982e-17
27.68 9.5052982e-17
27.69 9.5052982e-17
27.7 9.5052982e-17
27.71 9.5052982e-17
27.72 9.5052982e-17
27.73 9.5052982e-17
27.74 9.5052982e-17
27.75 9.5052982e-17
27.76 9.5052982e-17
27.77 9.5052982e-17
27.78 9.5052982e-17
27.79 9.5052982e-17
27.8 9.5052982e-17
27.81 9.5052982e-17
27.82 9.5052982e-17
27.83 9.5052982e-17
27.84 9.5052982e-17
27.85 9.5052982e-17
27.86 9.5052982e-17
27.87 9.5052982e-17
27.88 9.5052982e-17
27.89 9.5052982e-17
27.9 9.5052982e-17
27.91 9.5052982e-17
27.92 9.5052982e-17
27.93 9.5052982e-17
27.94 9.5052982e-17
27.95 9.5052982e-17
27.96 9.5052982e-17
27.97 9.5052982e-17
27.98 9.5052982e-17
27.99 9.5052982e-17
28 9.5052982e-17
28.01 9.5052982e-17
28.02 9.5052982e-17
28.03 9.5052982e-17
28.04 9.5052982e-17
28.05 9.5052982e-17
28.06 9.5052982e-17
28.07 9.5052982e-17
28.08 9.5052982e-17
28.09 9.5052982e-17
28.1 9.5052982e-17
28.11 9.5052982e-17
28.12 9.5052982e-17
28.13 9.5052982e-17
28.14 9.5052982e-17
28.15 9.5052982e-17
28.16 9.5052982e-17
28.17 9.5052982e-17
28.18 9.5052982e-17
28.19 9.5052982e-17
28.2 9.5052982e-17
28.21 9.5052982e-17
28.22 9.5052982e-17
28.23 9.5052982e-17
28.24 9.5052982e-17
28.25 9.5052982e-17
28.26 9.5052982e-17
28.27 9.5052982e-17
28.28 9.5052982e-17
28.29 9.5052982e-17
28.3 9.5052982e-17
28.31 9.5052982e-17
28.32 9.5052982e-17
28.33 9.5052982e-17
28.34 9.5052982e-17
28.35 9.5052982e-17
28.36 9.5052982e-17
28.37 9.5052982e-17
28.38 9.5052982e-17
28.39 9.5052982e-17
28.4 9.5052982e-17
28.41 9.5052982e-17
28.42 9.5052982e-17
28.43 9.5052982e-17
28.44 9.5052982e-17
28.45 9.5052982e-17
28.46 9.5052982e-17
28.47 9.5052982e-17
28.48 9.5052982e-17
28.49 9.5052982e-17
28.5 9.5052982e-17
28.51 9.5052982e-17
28.52 9.5052982e-17
28.53 9.5052982e-17
28.54 9.5052982e-17
28.55 9.5052982e-17
28.56 9.5052982e-17
28.57 9.5052982e-17
28.58 9.5052982e-17
28.59 9.5052982e-17
28.6 9.5052982e-17
28.61 9.5052982e-17
28.62 9.5052982e-17
28.63 9.5052982e-17
28.64 9.5052982e-17
28.65 9.5052982e-17
28.66 9.5052982e-17
28.67 9.5052982e-17
28.68 9.5052982e-17
28.69 9.5052982e-17
28.7 9.5052982e-17
28.71 9.5052982e-17
28.72 9.5052982e-17
28.73 9.5052982e-17
28.74 9.5052982e-17
28.75 9.5052982e-17
28.76 9.5052982e-17
28.77 9.5052982e-17
28.78 9.5052982e-17
28.79 9.5052982e-17
28.8 9.5052982e-17
28.81 9.5052982e-17
28.82 9.5052982e-17
28.83 9.5052982e-17
28.84 9.5052982e-17
28.85 9.5052982e-17
28.86 9.5052982e-17
28.87 9.5052982e-17
28.88 9.5052982e-17
28.89 9.5052982e-17
28.9 9.5052982e-17
28.91 9.5052982e-17
28.92 9.5052982e-17
28.93 9.5052982e-17
28.94 9.5052982e-17
28.95 9.5052982e-17
28.96 9.5052982e-17
28.97 9.5052982e-17
28.98 9.5052982e-17
28.99 9.5052982e-17
29 9.5052982e-17
29.01 9.5052982e-17
29.02 9.5052982e-17
29.03 9.5052982e-17
29.04 9.5052982e-17
29.05 9.5052982e-17
29.06 9.5052982e-17
29.07 9.5052982e-17
29.08 9.5052982e-17
29.09 9.5052982e-17
29.1 9.5052982e-17
29.11 9.5052982e-17
29.12 9.5052982e-17
29.13 9.5052982e-17
29.14 9.5052982e-17
29.15 9.5052982e-17
29.16 9.5052982e-17
29.17 9.5052982e-17
29.18 9.5052982e-17
29.19 9.5052982e-17
29.2 9.5052982e-17
29.21 9.5052982e-17
29.22 9.5052982e-17
29.23 9.5052982e-17
29.24 9.5052982e-17
29.25 9.5052982e-17
29.26 9.5052982e-17
29.27 9.5052982e-17
29.28 9.5052982e-17
29.29 9.5052982e-17
29.3 9.5052982e-17
29.31 9.5052982e-17
29.32 9.5052982e-17
29.33 9.5052982e-17
29.34 9.5052982e-17
29.35 9.5052982e-17
29.36 9.5052982e-17
29.37 9.5052982e-17
29.38 9.5052982e-17
29.39 9.5052982e-17
29.4 9.5052982e-17
29.41 9.5052982e-17
29.42 9.5052982e-17
29.43 9.5052982e-17
29.44 9.5052982e-17
29.45 9.5052982e-17
29.46 9.5052982e-17
29.47 9.5052982e-17
29.48 9.5052982e-17
29.49 9.5052982e-17
29.5 9.5052982e-17

